0	0	1
1.0 -0.0 -0.0 0.0
-0.0 1.0000001 -0.0 -0.0
-0.0 -0.0 1.0 0.0
0.0 0.0 0.0 1.0
1	1	2
0.9999478 -0.0026137 0.0098881 0.006538
0.0026466 0.9999911 -0.0033133 -0.0101274
-0.0098794 0.0033393 0.9999456 -0.0019185
0.0 0.0 0.0 1.0
2	2	3
0.9998862 -0.0057715 0.0139476 0.0253604
0.0058675 0.9999594 -0.00685 -0.0200607
-0.0139075 0.0069311 0.9998794 -0.0050334
0.0 0.0 0.0 1.0
3	3	4
0.9996768 -0.0068685 0.0244747 0.032449
0.0070979 0.9999317 -0.0093006 -0.0304454
-0.0244091 0.0094713 0.9996572 -0.0084533
0.0 0.0 0.0 1.0
4	4	5
0.9994605 -0.0091903 0.0315309 0.0465326
0.0095302 0.999898 -0.0106459 -0.0430496
-0.0314299 0.0109407 0.9994461 -0.0098741
0.0 0.0 0.0 1.0
5	5	6
0.9992909 -0.0134198 0.0351802 0.068974
0.0139496 0.9997925 -0.0148569 -0.0508694
-0.0349735 0.0153371 0.9992706 -0.0148608
0.0 0.0 0.0 1.0
6	6	7
0.9987704 -0.0127057 0.0479202 0.0722102
0.0136037 0.9997371 -0.0184599 -0.0594433
-0.0476731 0.0190891 0.9986805 -0.0170415
0.0 0.0 0.0 1.0
7	7	8
0.9984378 -0.0151614 0.053779 0.0890186
0.0163718 0.999621 -0.0221385 -0.0689586
-0.0534229 0.0229844 0.9983075 -0.0238985
0.0 0.0 0.0 1.0
8	8	9
0.99828 -0.0194684 0.0552975 0.1159384
0.0208612 0.9994766 -0.0247246 -0.0797808
-0.0547872 0.0258356 0.9981638 -0.0259979
0.0 0.0 0.0 1.0
9	9	10
0.9976355 -0.0200906 0.0657261 0.1222215
0.0219034 0.9993961 -0.0269771 -0.0896966
-0.0651444 0.0283529 0.9974729 -0.0318265
0.0 0.0 0.0 1.0
10	10	11
0.9973974 -0.0237545 0.0680732 0.1483718
0.0259467 0.9991668 -0.0315018 -0.0975212
-0.0672682 0.0331861 0.997183 -0.0340485
0.0 0.0 0.0 1.0
11	11	12
0.9965211 -0.0249287 0.0795255 0.1499941
0.0277411 0.9990211 -0.0344585 -0.107592
-0.0785886 0.0365448 0.996237 -0.041063
0.0 0.0 0.0 1.0
12	12	13
0.9961361 -0.0274476 0.0834243 0.1709316
0.0304251 0.998937 -0.0346309 -0.1228666
-0.0823851 0.0370353 0.9959122 -0.0430155
0.0 0.0 0.0 1.0
13	13	14
0.9955047 -0.0288501 0.0902087 0.1836027
0.0325945 0.9986553 -0.0403144 -0.1278022
-0.0889243 0.0430735 0.9951067 -0.0450267
0.0 0.0 0.0 1.0
14	14	15
0.9945247 -0.031121 0.0997606 0.1847868
0.0353605 0.9985328 -0.041013 -0.1414693
-0.0983378 0.044316 0.9941659 -0.0545281
0.0 0.0 0.0 1.0
15	15	16
0.993681 -0.0332515 0.1072029 0.1922668
0.0378926 0.9984176 -0.0415501 -0.1556479
-0.1056517 0.0453497 0.9933686 -0.0587304
0.0 0.0 0.0 1.0
16	16	17
0.9928867 -0.035675 0.1135936 0.2035973
0.0405286 0.9983488 -0.0407081 -0.1732282
-0.1119537 0.0450223 0.9926929 -0.0594317
0.0 0.0 0.0 1.0
17	17	18
0.9919008 -0.0389632 0.1208902 0.2077778
0.0441331 0.9982091 -0.0403862 -0.1898779
-0.1191001 0.0453944 0.991844 -0.0638981
0.0 0.0 0.0 1.0
18	18	19
0.9904405 -0.0416511 0.1315018 0.1991877
0.0470429 0.9981636 -0.0381629 -0.2087832
-0.1296707 0.0439843 0.9905811 -0.0740494
0.0 0.0 0.0 1.0
19	19	20
0.9894174 -0.0445902 0.1380754 0.2033058
0.0501785 0.9980451 -0.0372582 -0.2278449
-0.1361441 0.0437924 0.9897206 -0.0743065
0.0 0.0 0.0 1.0
20	20	21
0.988891 -0.0446102 0.1417905 0.1952827
0.0500411 0.9981349 -0.0349681 -0.2341507
-0.1399661 0.041675 0.9892789 -0.0814414
0.0 0.0 0.0 1.0
21	21	22
0.9884236 -0.0467237 0.1443454 0.1982017
0.0523341 0.9980049 -0.0353167 -0.2423067
-0.1424074 0.0424621 0.9888969 -0.0784959
0.0 0.0 0.0 1.0
22	22	23
0.9877592 -0.0483043 0.1483191 0.1946078
0.0539401 0.9979579 -0.0342111 -0.2506299
-0.1463637 0.0417926 0.9883477 -0.0806572
0.0 0.0 0.0 1.0
23	23	24
0.9869276 -0.0497227 0.1533019 0.1872092
0.0551027 0.9979979 -0.0310448 -0.265266
-0.1514514 0.0390863 0.9876916 -0.0852192
0.0 0.0 0.0 1.0
24	24	25
0.9862801 -0.0516706 0.1567862 0.1822072
0.0567407 0.9979954 -0.0280334 -0.2789565
-0.1550234 0.0365449 0.9872347 -0.0890537
0.0 0.0 0.0 1.0
25	25	26
0.9854655 -0.0542884 0.1609676 0.1756823
0.0592514 0.9978995 -0.0261909 -0.2905575
-0.1592076 0.0353478 0.9866121 -0.0911452
0.0 0.0 0.0 1.0
26	26	27
0.9845306 -0.0557804 0.1660963 0.166113
0.0607476 0.9978406 -0.0249731 -0.3010077
-0.1643447 0.0346768 0.9857932 -0.093311
0.0 0.0 0.0 1.0
27	27	28
0.983599 -0.0586562 0.1705654 0.1570663
0.0632039 0.9977722 -0.0213508 -0.3169396
-0.1689331 0.031781 0.985115 -0.0969739
0.0 0.0 0.0 1.0
28	28	29
0.9826552 -0.0604803 0.1753027 0.1471945
0.0646531 0.9977422 -0.0181852 -0.3311906
-0.173807 0.0292036 0.9843466 -0.0996654
0.0 0.0 0.0 1.0
29	29	30
0.9816926 -0.0626667 0.179869 0.1366977
0.0667945 0.9976223 -0.0169786 -0.3422968
-0.1783774 0.028682 0.9835439 -0.1015328
0.0 0.0 0.0 1.0
30	30	31
0.9798799 -0.0661279 0.188315 0.1177133
0.0692082 0.9975539 -0.0098214 -0.3657958
-0.1872049 0.0226567 0.9820597 -0.1031422
0.0 0.0 0.0 1.0
31	31	32
0.9789394 -0.068627 0.1922704 0.1077384
0.0714428 0.9974146 -0.0077422 -0.3791316
-0.191242 0.0213154 0.9813114 -0.1077471
0.0 0.0 0.0 1.0
32	32	33
0.9779724 -0.0710512 0.1962704 0.0960726
0.0737336 0.9972575 -0.0063847 -0.3892604
-0.1952785 0.0207158 0.980529 -0.1104712
0.0 0.0 0.0 1.0
33	33	34
0.9763885 -0.0732771 0.2032147 0.0791648
0.07519 0.9971678 -0.0016983 -0.408103
-0.2025147 0.0169379 0.9791327 -0.1115111
0.0 0.0 0.0 1.0
34	34	35
0.9748916 -0.0761961 0.2092383 0.0636176
0.0776451 0.9969802 0.0012926 -0.4225953
-0.208705 0.0149862 0.9778637 -0.1124675
0.0 0.0 0.0 1.0
35	35	36
0.9734631 -0.0797772 0.2144882 0.0493456
0.0802406 0.9967539 0.0065596 -0.4422028
-0.2143153 0.0108251 0.9767045 -0.1166
0.0 0.0 0.0 1.0
36	36	37
0.9718755 -0.081989 0.2207619 0.0332774
0.0821258 0.9965851 0.0085748 -0.4543698
-0.2207111 0.0097966 0.97529 -0.116237
0.0 0.0 0.0 1.0
37	37	38
0.9707215 -0.0857537 0.2243794 0.0214612
0.0853502 0.9962845 0.0115156 -0.468879
-0.2245332 0.0079724 0.9744338 -0.1206932
0.0 0.0 0.0 1.0
38	38	39
0.9688757 -0.0879973 0.2313793 0.0022593
0.0865075 0.9961129 0.0165973 -0.4873278
-0.2319404 0.0039353 0.9727221 -0.1239538
0.0 0.0 0.0 1.0
39	39	40
0.9676929 -0.0911955 0.2350618 -0.0101809
0.0888904 0.9958323 0.0204069 -0.5032152
-0.2359432 0.0011471 0.9717662 -0.1282007
0.0 0.0 0.0 1.0
40	40	41
0.9657915 -0.0934444 0.2418982 -0.0282522
0.0901429 0.9956223 0.0247048 -0.5194093
-0.2431478 -0.0020543 0.969987 -0.1287606
0.0 0.0 0.0 1.0
41	41	42
0.9638522 -0.0957312 0.2486454 -0.0494791
0.0910713 0.9953862 0.0302046 -0.542175
-0.2503897 -0.0064683 0.9681236 -0.1331115
0.0 0.0 0.0 1.0
42	42	43
0.9623324 -0.099132 0.2531581 -0.0629858
0.0937138 0.9950387 0.0334034 -0.5560388
-0.2552134 -0.0084208 0.9668482 -0.1357813
0.0 0.0 0.0 1.0
43	43	44
0.9610344 -0.1030893 0.2564863 -0.0722427
0.0967396 0.994611 0.0372871 -0.5702162
-0.2589479 -0.0110218 0.9658283 -0.1381156
0.0 0.0 0.0 1.0
44	44	45
0.959304 -0.1061623 0.2616591 -0.0873525
0.0990373 0.994267 0.0403074 -0.5834668
-0.2644381 -0.012753 0.9643182 -0.140918
0.0 0.0 0.0 1.0
45	45	46
0.9578978 -0.1094664 0.2654223 -0.0999219
0.1015815 0.9938845 0.0432983 -0.5969236
-0.2685388 -0.0145133 0.9631594 -0.1455802
0.0 0.0 0.0 1.0
46	46	47
0.9555281 -0.1125244 0.2725884 -0.1188153
0.1024751 0.9934338 0.0508742 -0.6206308
-0.276523 -0.0206782 0.9607848 -0.1460634
0.0 0.0 0.0 1.0
47	47	48
0.9544188 -0.1165047 0.2747934 -0.1273048
0.1055956 0.9929301 0.0542177 -0.6340157
-0.2791673 -0.0227294 0.9599735 -0.1532722
0.0 0.0 0.0 1.0
48	48	49
0.9527473 -0.1195046 0.2792692 -0.1408257
0.1071262 0.9924795 0.0592323 -0.6511658
-0.2842475 -0.0265164 0.9583842 -0.1564697
0.0 0.0 0.0 1.0
49	49	50
0.9516032 -0.1225833 0.2818242 -0.1491936
0.1092068 0.9920362 0.062754 -0.6659062
-0.2872724 -0.0289398 0.9574116 -0.1617705
0.0 0.0 0.0 1.0
50	50	51
0.949788 -0.1251118 0.2867921 -0.1607641
0.1099722 0.9915804 0.0683706 -0.6820346
-0.2929314 -0.0333985 0.95555 -0.1616094
0.0 0.0 0.0 1.0
51	51	52
0.9486707 -0.1286814 0.2889034 -0.1687344
0.1122389 0.9910073 0.0728495 -0.6976212
-0.2956797 -0.036684 0.9545825 -0.1699786
0.0 0.0 0.0 1.0
52	52	53
0.9468703 -0.1300325 0.294157 -0.1819413
0.1121169 0.9907037 0.0770455 -0.7102962
-0.3014409 -0.0399721 0.9526466 -0.1717218
0.0 0.0 0.0 1.0
53	53	54
0.9448838 -0.1336081 0.2989036 -0.1938946
0.1136292 0.9900222 0.083333 -0.7293594
-0.3070552 -0.0447759 0.9506378 -0.1739064
0.0 0.0 0.0 1.0
54	54	55
0.9451545 -0.1359679 0.2969776 -0.1884241
0.1165137 0.9897699 0.0823411 -0.7303464
-0.3051352 -0.0432231 0.9513276 -0.1833464
0.0 0.0 0.0 1.0
55	55	56
0.9427657 -0.1371581 0.3039416 -0.2028779
0.1165827 0.989543 0.0849297 -0.7388484
-0.312412 -0.0446345 0.9488975 -0.1807663
0.0 0.0 0.0 1.0
56	56	57
0.9416128 -0.1397448 0.3063278 -0.2130812
0.1168638 0.9888868 0.0918996 -0.7619351
-0.315766 -0.0507352 0.9474797 -0.1897788
0.0 0.0 0.0 1.0
57	57	58
0.940757 -0.1420857 0.3078762 -0.2154094
0.1174261 0.9883042 0.0972939 -0.7772712
-0.3180994 -0.0553772 0.9464386 -0.1963247
0.0 0.0 0.0 1.0
58	58	59
0.9398668 -0.1444228 0.3095033 -0.2159783
0.1195266 0.9879773 0.0980518 -0.7804571
-0.3199432 -0.0551617 0.9458295 -0.2000063
0.0 0.0 0.0 1.0
59	59	60
0.9389699 -0.1463023 0.3113376 -0.2165392
0.1200729 0.9875196 0.1019201 -0.7918068
-0.322363 -0.0583167 0.9448181 -0.2051551
0.0 0.0 0.0 1.0
60	60	61
0.9389301 -0.1470443 0.3111079 -0.2108727
0.1201266 0.9872863 0.1040937 -0.7966873
-0.322459 -0.0603644 0.9446568 -0.2118004
0.0 0.0 0.0 1.0
61	61	62
0.9384269 -0.1483957 0.3119833 -0.2083684
0.1201762 0.9868689 0.1079241 -0.8062446
-0.323902 -0.0637859 0.9439379 -0.217888
0.0 0.0 0.0 1.0
62	62	63
0.9377883 -0.1496061 0.3133228 -0.2058442
0.1201263 0.9864793 0.1114833 -0.8149296
-0.3257649 -0.0669094 0.9430802 -0.2217527
0.0 0.0 0.0 1.0
63	63	64
0.9380097 -0.1503905 0.3122825 -0.1955665
0.1204834 0.9862553 0.1130671 -0.8180397
-0.3249945 -0.0684332 0.9432366 -0.2300858
0.0 0.0 0.0 1.0
64	64	65
0.9375057 -0.1506191 0.3136824 -0.1974046
0.1208 0.986277 0.1125388 -0.8176214
-0.3263282 -0.067613 0.9428353 -0.2309019
0.0 0.0 0.0 1.0
65	65	66
0.9375844 -0.1507763 0.3133718 -0.1907825
0.1205497 0.986162 0.1138084 -0.8190796
-0.3261949 -0.0689281 0.9427862 -0.2312051
0.0 0.0 0.0 1.0
66	66	67
0.9376361 -0.1511255 0.3130489 -0.1845297
0.1203476 0.9859869 0.1155265 -0.8220307
-0.3261211 -0.0706471 0.9426845 -0.2347745
0.0 0.0 0.0 1.0
67	67	68
0.9379232 -0.1505911 0.3124456 -0.1775231
0.1193166 0.9859357 0.1170231 -0.8243958
-0.3256739 -0.0724788 0.9427001 -0.2401451
0.0 0.0 0.0 1.0
68	68	69
0.9377277 -0.1503074 0.3131685 -0.1734861
0.1183009 0.9858305 0.1189249 -0.827481
-0.3266063 -0.074471 0.942222 -0.2428483
0.0 0.0 0.0 1.0
69	69	70
0.9381825 -0.1510378 0.3114496 -0.1633408
0.119467 0.9857791 0.118183 -0.8243794
-0.3248706 -0.0736693 0.9428849 -0.247558
0.0 0.0 0.0 1.0
70	70	71
0.9383895 -0.1511512 0.3107703 -0.1560976
0.1184367 0.9854772 0.1216856 -0.8313775
-0.32465 -0.0773819 0.9426634 -0.2532771
0.0 0.0 0.0 1.0
71	71	72
0.9392895 -0.15175 0.3077452 -0.142375
0.1186962 0.9852163 0.1235324 -0.8341416
-0.3219416 -0.0795045 0.9434154 -0.2607917
0.0 0.0 0.0 1.0
72	72	73
0.9396988 -0.1515729 0.3065804 -0.133233
0.1186713 0.9852406 0.1233623 -0.8319152
-0.3207538 -0.0795412 0.9438168 -0.2655971
0.0 0.0 0.0 1.0
73	73	74
0.939855 -0.1509844 0.306392 -0.1250893
0.1175409 0.9851795 0.1249228 -0.8322215
-0.3207125 -0.0813957 0.9436727 -0.2670092
0.0 0.0 0.0 1.0
74	74	75
0.9409919 -0.150442 0.3031526 -0.1087944
0.1173342 0.9852297 0.1247209 -0.8284214
-0.3174382 -0.0817912 0.9447451 -0.2757132
0.0 0.0 0.0 1.0
75	75	76
0.9411628 -0.1496185 0.3030293 -0.1021477
0.1163236 0.9852893 0.1251959 -0.8276202
-0.3173031 -0.0825803 0.9447217 -0.279409
0.0 0.0 0.0 1.0
76	76	77
0.9415986 -0.1505863 0.3011909 -0.0904173
0.1161643 0.9847902 0.1292062 -0.8346722
-0.3160665 -0.0866728 0.9447697 -0.285667
0.0 0.0 0.0 1.0
77	77	78
0.94204 -0.1496709 0.3002653 -0.0798778
0.1153086 0.9848958 0.1291687 -0.831665
-0.3150628 -0.0870589 0.9450694 -0.2901694
0.0 0.0 0.0 1.0
78	78	79
0.9432977 -0.1492981 0.2964784 -0.0625611
0.1147334 0.9847417 0.1308436 -0.8326811
-0.3114892 -0.0894085 0.9460342 -0.2973601
0.0 0.0 0.0 1.0
79	79	80
0.9441747 -0.149819 0.2934081 -0.0468871
0.1153332 0.9845708 0.1316007 -0.8316798
-0.3085973 -0.0904144 0.9468859 -0.3039845
0.0 0.0 0.0 1.0
80	80	81
0.9442122 -0.1490543 0.2936767 -0.0381255
0.1146902 0.98472 0.131045 -0.825636
-0.3087221 -0.0900524 0.9468797 -0.3081464
0.0 0.0 0.0 1.0
81	81	82
0.9451293 -0.1486862 0.2909001 -0.0231668
0.1130324 0.9842617 0.1358401 -0.8345254
-0.3065194 -0.0955053 0.947061 -0.3147808
0.0 0.0 0.0 1.0
82	82	83
0.946296 -0.1475318 0.2876772 -0.0058116
0.1124621 0.9844525 0.1349275 -0.8281336
-0.3031106 -0.0953286 0.9481754 -0.3216304
0.0 0.0 0.0 1.0
83	83	84
0.946985 -0.1479238 0.2851979 0.0092734
0.1121649 0.9840651 0.1379679 -0.8315224
-0.301062 -0.0986644 0.9484867 -0.3270175
0.0 0.0 0.0 1.0
84	84	85
0.9479982 -0.1466845 0.2824587 0.0249924
0.1107176 0.9840239 0.1394219 -0.8306928
-0.2983972 -0.1008986 0.9490936 -0.3358086
0.0 0.0 0.0 1.0
85	85	86
0.948195 -0.145743 0.2822854 0.035917
0.1098123 0.9841492 0.139254 -0.8252108
-0.2981062 -0.1010416 0.9491697 -0.3391496
0.0 0.0 0.0 1.0
86	86	87
0.9494858 -0.1455024 0.278039 0.0557673
0.1093374 0.9838815 0.141501 -0.8267812
-0.2941462 -0.1039532 0.9500903 -0.3450893
0.0 0.0 0.0 1.0
87	87	88
0.9497967 -0.1442664 0.2776206 0.0667841
0.1077808 0.9839022 0.1425476 -0.8242334
-0.2937164 -0.105469 0.9500564 -0.3500554
0.0 0.0 0.0 1.0
88	88	89
0.9509395 -0.1434629 0.2741034 0.0859723
0.1071038 0.983857 0.143368 -0.8221281
-0.2902464 -0.1069768 0.9509537 -0.3547059
0.0 0.0 0.0 1.0
89	89	90
0.9524094 -0.1410851 0.2702059 0.1057127
0.105724 0.9843062 0.1412937 -0.8118856
-0.2858997 -0.1060022 0.9523786 -0.3627142
0.0 0.0 0.0 1.0
90	90	91
0.9531714 -0.1414843 0.2672947 0.1226135
0.1053839 0.9838105 0.1449518 -0.817214
-0.2834757 -0.1099954 0.9526503 -0.3697942
0.0 0.0 0.0 1.0
91	91	92
0.9542276 -0.1385422 0.2650576 0.1386862
0.1026422 0.9841134 0.1448637 -0.8108863
-0.2809165 -0.1110269 0.9532885 -0.3743476
0.0 0.0 0.0 1.0
92	92	93
0.9549721 -0.1388678 0.2621907 0.1566998
0.1028285 0.9838432 0.1465568 -0.8117001
-0.2783066 -0.112997 0.9538224 -0.3826442
0.0 0.0 0.0 1.0
93	93	94
0.95592 -0.1378735 0.2592446 0.174551
0.1016272 0.9836887 0.1484201 -0.8108529
-0.2754792 -0.1155314 0.9543394 -0.3878886
0.0 0.0 0.0 1.0
94	94	95
0.9568571 -0.1364233 0.256541 0.1916895
0.1009243 0.9839984 0.1468389 -0.8008373
-0.2724682 -0.1146126 0.9553142 -0.3933386
0.0 0.0 0.0 1.0
95	95	96
0.9576719 -0.1346345 0.2544366 0.2067892
0.0995007 0.9842249 0.1462905 -0.7937342
-0.2701185 -0.1147817 0.9559609 -0.3996877
0.0 0.0 0.0 1.0
96	96	97
0.9585157 -0.1335598 0.251812 0.2243616
0.097159 0.9836137 0.1518702 -0.8034898
-0.2679694 -0.1211042 0.9557857 -0.4078818
0.0 0.0 0.0 1.0
97	97	98
0.9596299 -0.1323463 0.2481831 0.2447328
0.0970197 0.9839785 0.1495787 -0.7915196
-0.264003 -0.1194615 0.9570953 -0.4149889
0.0 0.0 0.0 1.0
98	98	99
0.9609725 -0.1311491 0.2435808 0.2666493
0.0956681 0.9837057 0.1522191 -0.7925179
-0.2595752 -0.1229755 0.9578609 -0.423793
0.0 0.0 0.0 1.0
99	99	100
0.9617448 -0.1302067 0.2410249 0.2844844
0.0945824 0.9835451 0.1539262 -0.7916706
-0.257101 -0.1252411 0.9582346 -0.4256535
0.0 0.0 0.0 1.0
100	100	101
0.962517 -0.1285946 0.2387978 0.3003567
0.0936556 0.9838818 0.1523329 -0.7814886
-0.254538 -0.1242582 0.9590465 -0.4331301
0.0 0.0 0.0 1.0
101	101	102
0.963679 -0.126726 0.2350813 0.3203045
0.0920034 0.983897 0.153239 -0.778589
-0.2507152 -0.1260449 0.9598201 -0.4412356
0.0 0.0 0.0 1.0
102	102	103
0.9643465 -0.1259423 0.232753 0.3359716
0.0921493 0.9842619 0.150788 -0.7669812
-0.2480806 -0.1239639 0.9607752 -0.4494534
0.0 0.0 0.0 1.0
103	103	104
0.9657437 -0.1235311 0.2282088 0.3603628
0.0903856 0.9844832 0.15041 -0.7592954
-0.243248 -0.1246308 0.9619238 -0.453048
0.0 0.0 0.0 1.0
104	104	105
0.9669115 -0.1222725 0.2239004 0.3821568
0.0888248 0.984097 0.1538282 -0.7631877
-0.2391486 -0.1288504 0.9623956 -0.4617578
0.0 0.0 0.0 1.0
105	105	106
0.9685556 -0.121184 0.2172886 0.4106468
0.0893388 0.984512 0.1508475 -0.7490496
-0.2322035 -0.1266919 0.964381 -0.4679381
0.0 0.0 0.0 1.0
106	106	107
0.9687436 -0.1208696 0.216625 0.4231958
0.0875912 0.9836818 0.1571555 -0.7609554
-0.2320854 -0.133269 0.9635226 -0.4743198
0.0 0.0 0.0 1.0
107	107	108
0.9693028 -0.1180692 0.2156659 0.4406678
0.0838945 0.9833364 0.1612801 -0.7665702
-0.2311144 -0.138236 0.963056 -0.479584
0.0 0.0 0.0 1.0
108	108	109
0.9704544 -0.1165673 0.2112594 0.4636088
0.0829379 0.983364 0.1616056 -0.762438
-0.2265828 -0.1393094 0.9639778 -0.4869092
0.0 0.0 0.0 1.0
109	109	110
0.971007 -0.1156068 0.2092378 0.4795192
0.08191 0.9832013 0.1631134 -0.7602662
-0.2245799 -0.1412456 0.9641647 -0.4920472
0.0 0.0 0.0 1.0
110	110	111
0.9717018 -0.1129331 0.2074654 0.4945984
0.0791479 0.983197 0.1644965 -0.7576199
-0.2225566 -0.1434211 0.9643127 -0.4967364
0.0 0.0 0.0 1.0
111	111	112
0.973106 -0.1122225 0.201174 0.5212784
0.0794586 0.9832328 0.1641328 -0.7524506
-0.2162203 -0.1437336 0.9657068 -0.5066516
0.0 0.0 0.0 1.0
112	112	113
0.973389 -0.1109357 0.2005174 0.5341909
0.0774419 0.982777 0.1677859 -0.755822
-0.2156774 -0.1477925 0.9652154 -0.5084734
0.0 0.0 0.0 1.0
113	113	114
0.9741517 -0.109241 0.1977245 0.5510389
0.0766065 0.9831839 0.1657742 -0.74443
-0.2125088 -0.1463422 0.9661387 -0.5150769
0.0 0.0 0.0 1.0
114	114	115
0.9749312 -0.108234 0.1944083 0.5720601
0.0754756 0.9827821 0.1686496 -0.7468694
-0.2093147 -0.1497486 0.966314 -0.5207726
0.0 0.0 0.0 1.0
115	115	116
0.976097 -0.1054808 0.1900224 0.5937236
0.0736099 0.983103 0.1676014 -0.738523
-0.2044904 -0.1496077 0.9673682 -0.5285424
0.0 0.0 0.0 1.0
116	116	117
0.9773819 -0.1043972 0.1839178 0.6202402
0.0736628 0.983258 0.1666653 -0.7321742
-0.1982381 -0.1493477 0.9687089 -0.535213
0.0 0.0 0.0 1.0
117	117	118
0.9781026 -0.1033835 0.1806298 0.6397966
0.0725001 0.9827884 0.1699143 -0.7359932
-0.1950872 -0.1530979 0.9687631 -0.541131
0.0 0.0 0.0 1.0
118	118	119
0.9786503 -0.1018962 0.1784958 0.6551257
0.0713343 0.9828641 0.1699693 -0.7301032
-0.1927563 -0.1536076 0.9691489 -0.5457593
0.0 0.0 0.0 1.0
119	119	120
0.979431 -0.0998712 0.1753305 0.6742142
0.06989 0.9830424 0.1695379 -0.7249028
-0.1892893 -0.1537968 0.969802 -0.5512448
0.0 0.0 0.0 1.0
120	120	121
0.9801186 -0.0981808 0.1724186 0.6918602
0.0679639 0.9825473 0.1731521 -0.7290036
-0.1864097 -0.1579913 0.9696857 -0.5551271
0.0 0.0 0.0 1.0
121	121	122
0.9807301 -0.096536 0.1698511 0.7080698
0.0669469 0.9828137 0.1720332 -0.720722
-0.1835394 -0.1573471 0.9703377 -0.564692
0.0 0.0 0.0 1.0
122	122	123
0.9814889 -0.0940712 0.1668236 0.7262941
0.0651786 0.9831282 0.1709109 -0.712491
-0.1800868 -0.1568738 0.9710611 -0.5702334
0.0 0.0 0.0 1.0
123	123	124
0.9824082 -0.0930055 0.1619389 0.7490703
0.0654775 0.9836583 0.1677173 -0.6993283
-0.1748912 -0.1541635 0.9724438 -0.5767166
0.0 0.0 0.0 1.0
124	124	125
0.983535 -0.0919872 0.1555552 0.7764369
0.0652196 0.9834251 0.1691792 -0.6992687
-0.1685392 -0.1562484 0.9732323 -0.579811
0.0 0.0 0.0 1.0
125	125	126
0.9842067 -0.0905848 0.1520909 0.7939458
0.0640212 0.9831429 0.1712638 -0.6998664
-0.165041 -0.1588219 0.9734152 -0.5855206
0.0 0.0 0.0 1.0
126	126	127
0.9838212 -0.0894469 0.1552256 0.7954042
0.0621448 0.9830321 0.1725861 -0.6991228
-0.168029 -0.1601474 0.9726865 -0.587204
0.0 0.0 0.0 1.0
127	127	128
0.9849457 -0.0867392 0.1495266 0.8202378
0.0608646 0.9836199 0.1696689 -0.6868046
-0.1617942 -0.1580138 0.9740916 -0.5950134
0.0 0.0 0.0 1.0
128	128	129
0.98524 -0.0861208 0.147937 0.8339306
0.0600996 0.9832388 0.1721326 -0.6910088
-0.1602817 -0.1607009 0.9739019 -0.5970067
0.0 0.0 0.0 1.0
129	129	130
0.9851945 -0.084827 0.1489844 0.8394973
0.0584415 0.9831325 0.1733064 -0.6895214
-0.1611725 -0.1620336 0.973534 -0.6015708
0.0 0.0 0.0 1.0
130	130	131
0.9857165 -0.0838475 0.1460567 0.8557638
0.0572136 0.9823945 0.1778415 -0.698847
-0.1583969 -0.1669448 0.9731598 -0.604308
0.0 0.0 0.0 1.0
131	131	132
0.9861495 -0.0827041 0.143768 0.8709419
0.0569783 0.9829826 0.1746392 -0.6870117
-0.1557648 -0.1640287 0.9740801 -0.6080212
0.0 0.0 0.0 1.0
132	132	133
0.9867043 -0.080962 0.1409243 0.8881333
0.0558732 0.9832194 0.1736606 -0.6811158
-0.1526194 -0.1634778 0.9746704 -0.6118971
0.0 0.0 0.0 1.0
133	133	134
0.9879449 -0.0785153 0.1334171 0.9157726
0.0553553 0.9840273 0.1691921 -0.6653838
-0.1445703 -0.1597672 0.9765111 -0.6150794
0.0 0.0 0.0 1.0
134	134	135
0.9874705 -0.0791074 0.1365432 0.9156012
0.0537899 0.9821887 0.1800336 -0.6927607
-0.1483532 -0.1704332 0.9741375 -0.6179668
0.0 0.0 0.0 1.0
135	135	136
0.988071 -0.0771492 0.1332816 0.9317366
0.0525158 0.9823869 0.179327 -0.6873377
-0.144769 -0.1701884 0.9747193 -0.619608
0.0 0.0 0.0 1.0
136	136	137
0.9889795 -0.0749881 0.1276573 0.9566141
0.0520342 0.9832847 0.1744817 -0.6737606
-0.1386075 -0.1659163 0.9763502 -0.6325127
0.0 0.0 0.0 1.0
137	137	138
0.9892017 -0.0735101 0.1267923 0.9660062
0.0504765 0.9830689 0.1761468 -0.6756099
-0.1375942 -0.1678447 0.9761639 -0.6326875
0.0 0.0 0.0 1.0
138	138	139
0.9893233 -0.0733735 0.1259205 0.9756251
0.0500528 0.982527 0.1792637 -0.6830427
-0.1368735 -0.1710471 0.9757092 -0.6356844
0.0 0.0 0.0 1.0
139	139	140
0.9898887 -0.0725863 0.1218673 0.9941934
0.0500799 0.9826631 0.1785088 -0.679002
-0.1327118 -0.1706008 0.976362 -0.6386898
0.0 0.0 0.0 1.0
140	140	141
0.9898149 -0.0724922 0.1225206 0.9925171
0.0497491 0.9825145 0.1794169 -0.6811098
-0.1333846 -0.1714942 0.9761138 -0.6372361
0.0 0.0 0.0 1.0
141	141	142
0.9905028 -0.0707003 0.1179209 1.0196474
0.0488349 0.9826452 0.1789518 -0.6769659
-0.1285263 -0.1714937 0.9767655 -0.6462478
0.0 0.0 0.0 1.0
142	142	143
0.9910499 -0.0685447 0.1145489 1.0433285
0.0475774 0.9831215 0.1766596 -0.6684609
-0.1247246 -0.1696286 0.9775836 -0.6493771
0.0 0.0 0.0 1.0
143	143	144
0.9919905 -0.0665421 0.107365 1.076026
0.0468671 0.9832122 0.1763452 -0.667211
-0.117297 -0.1699008 0.9784555 -0.6545923
0.0 0.0 0.0 1.0
144	144	145
0.9922506 -0.065107 0.1058284 1.0925219
0.0459443 0.9836106 0.174354 -0.6609901
-0.1154456 -0.1681406 0.9789795 -0.6584018
0.0 0.0 0.0 1.0
145	145	146
0.992259 -0.0639825 0.1064338 1.1025777
0.0446194 0.983511 0.1752586 -0.6637844
-0.1158923 -0.1691529 0.9787524 -0.6564269
0.0 0.0 0.0 1.0
146	146	147
0.992762 -0.0619998 0.1028571 1.1226759
0.0435432 0.9839854 0.1728496 -0.65754
-0.1119265 -0.1671197 0.9795629 -0.6604584
0.0 0.0 0.0 1.0
147	147	148
0.9933576 -0.0612211 0.0974296 1.1495535
0.0437995 0.9841509 0.1718393 -0.6573041
-0.1064056 -0.1664305 0.9802951 -0.6588494
0.0 0.0 0.0 1.0
148	148	149
0.9932355 -0.0603369 0.0992102 1.1535418
0.042487 0.9839908 0.1730809 -0.6620766
-0.1080651 -0.1676949 0.9798982 -0.6601096
0.0 0.0 0.0 1.0
149	149	150
0.9936848 -0.0587379 0.0956047 1.1722095
0.0422012 0.9851186 0.1666145 -0.6467858
-0.1039686 -0.1615277 0.9813762 -0.6632521
0.0 0.0 0.0 1.0
150	150	151
0.9936904 -0.0580156 0.0959862 1.1796755
0.0413327 0.9850116 0.1674625 -0.6517538
-0.1042629 -0.1624386 0.9811946 -0.6592142
0.0 0.0 0.0 1.0
151	151	152
0.9939346 -0.0574679 0.0937613 1.1953613
0.0410055 0.9847798 0.1689007 -0.6602513
-0.1020406 -0.1640315 0.9811632 -0.658084
0.0 0.0 0.0 1.0
152	152	153
0.994186 -0.0564029 0.0917205 1.2085396
0.0405843 0.9852914 0.1659934 -0.6562079
-0.0997339 -0.1613058 0.9818522 -0.6579274
0.0 0.0 0.0 1.0
153	153	154
0.9946406 -0.0558123 0.0870358 1.2299751
0.0411288 0.9859008 0.1621977 -0.6506214
-0.0948613 -0.1577486 0.9829123 -0.6562068
0.0 0.0 0.0 1.0
154	154	155
0.9943655 -0.0546941 0.0908066 1.2264887
0.0394879 0.9860788 0.161522 -0.6532395
-0.0983768 -0.1570262 0.9826823 -0.6534294
0.0 0.0 0.0 1.0
155	155	156
0.9945892 -0.0533552 0.0891375 1.2383512
0.0386193 0.9864356 0.1595417 -0.6522218
-0.0964407 -0.155236 0.9831586 -0.6504156
0.0 0.0 0.0 1.0
156	156	157
0.9948404 -0.0525942 0.0867538 1.2520828
0.0385235 0.9869183 0.1565511 -0.6502282
-0.0938526 -0.1524013 0.9838523 -0.6492332
0.0 0.0 0.0 1.0
157	157	158
0.9948383 -0.0516583 0.0873392 1.2595047
0.0378031 0.9874348 0.1534392 -0.6468736
-0.0941681 -0.1493454 0.9842907 -0.6446936
0.0 0.0 0.0 1.0
158	158	159
0.9948986 -0.0498622 0.0876956 1.2656975
0.036146 0.9877863 0.1515648 -0.6463954
-0.0941818 -0.1476217 0.9845494 -0.6411788
0.0 0.0 0.0 1.0
159	159	160
0.9953027 -0.0490632 0.0834572 1.2850543
0.036306 0.9883157 0.1480335 -0.6433181
-0.0897451 -0.1443081 0.9854547 -0.640122
0.0 0.0 0.0 1.0
160	160	161
0.9953399 -0.0484498 0.0833748 1.2934725
0.0354114 0.9878528 0.151304 -0.6591854
-0.0896927 -0.1476464 0.9849648 -0.6364264
0.0 0.0 0.0 1.0
161	161	162
0.9954422 -0.0479537 0.0824349 1.3038795
0.0357893 0.9890505 0.1431733 -0.6418665
-0.088398 -0.1395704 0.9862585 -0.6345732
0.0 0.0 0.0 1.0
162	162	163
0.995494 -0.0471022 0.0822996 1.3129995
0.0350528 0.9892229 0.1421596 -0.6446974
-0.0881086 -0.1386342 0.9864163 -0.6266482
0.0 0.0 0.0 1.0
163	163	164
0.9956373 -0.0463872 0.0809607 1.3256586
0.0343021 0.9888743 0.1447452 -0.6571666
-0.0867742 -0.1413366 0.9861512 -0.6261976
0.0 0.0 0.0 1.0
164	164	165
0.9959965 -0.0448863 0.0773062 1.3451263
0.0337285 0.9895734 0.140025 -0.6498856
-0.0827853 -0.136857 0.9871255 -0.6232214
0.0 0.0 0.0 1.0
165	165	166
0.9963802 -0.0423277 0.0737199 1.3645512
0.0323306 0.9907385 0.1318788 -0.6326891
-0.0786193 -0.129018 0.9885207 -0.6210508
0.0 0.0 0.0 1.0
166	166	167
0.9963928 -0.0423283 0.0735505 1.3761922
0.0321349 0.9903752 0.1346273 -0.6456367
-0.0785411 -0.1317781 0.9881628 -0.6164368
0.0 0.0 0.0 1.0
167	167	168
0.9968872 -0.0405197 0.0676318 1.4040555
0.0313422 0.9908032 0.1316311 -0.6417036
-0.0723434 -0.1291016 0.9889889 -0.6164984
0.0 0.0 0.0 1.0
168	168	169
0.9967774 -0.0391422 0.0700196 1.409559
0.0296137 0.9907692 0.1322867 -0.648071
-0.0745513 -0.1297868 0.9887353 -0.6125966
0.0 0.0 0.0 1.0
169	169	170
0.9974582 -0.0360772 0.0614467 1.4449499
0.0280435 0.9915162 0.126923 -0.6377991
-0.0655044 -0.1248772 0.9900074 -0.6122592
0.0 0.0 0.0 1.0
170	170	171
0.9974912 -0.0348508 0.0616164 1.4589316
0.0268921 0.9917193 0.1255771 -0.6384173
-0.0654826 -0.1236051 0.9901686 -0.6115488
0.0 0.0 0.0 1.0
171	171	172
0.9978007 -0.0325473 0.0577438 1.4817367
0.0252834 0.992166 0.1223417 -0.6320039
-0.0612733 -0.1206126 0.9908068 -0.606227
0.0 0.0 0.0 1.0
172	172	173
0.9981766 -0.0304609 0.0521105 1.512951
0.0236096 0.9915735 0.1273769 -0.6479762
-0.0555514 -0.1259144 0.9904845 -0.606139
0.0 0.0 0.0 1.0
173	173	174
0.9982374 -0.0284446 0.0520873 1.5277828
0.0216199 0.9916424 0.1271923 -0.6491673
-0.05527 -0.125842 0.9905096 -0.6080874
0.0 0.0 0.0 1.0
174	174	175
0.9982325 -0.0260142 0.0534329 1.532136
0.0190931 0.9918234 0.1261809 -0.6476044
-0.0562786 -0.1249377 0.9905673 -0.6100446
0.0 0.0 0.0 1.0
175	175	176
0.9983261 -0.0242646 0.0525017 1.5418388
0.0175153 0.9919526 0.1253923 -0.6459191
-0.0551218 -0.1242628 0.9907171 -0.6091478
0.0 0.0 0.0 1.0
176	176	177
0.9982954 -0.0231774 0.0535632 1.5461144
0.0162368 0.9918262 0.1265592 -0.6495518
-0.0560587 -0.1254738 0.990512 -0.6079548
0.0 0.0 0.0 1.0
177	177	178
0.9984618 -0.0216237 0.0510539 1.5587794
0.0151617 0.9922007 0.1237252 -0.6415378
-0.0533311 -0.1227608 0.9910024 -0.6103019
0.0 0.0 0.0 1.0
178	178	179
0.9988518 -0.0203831 0.043356 1.5885849
0.0149415 0.9923781 0.1223224 -0.6384496
-0.0455188 -0.1215341 0.9915429 -0.6083358
0.0 0.0 0.0 1.0
179	179	180
0.9992177 -0.0203714 0.0338939 1.6197722
0.0161945 0.9927336 0.1192388 -0.6300811
-0.0360766 -0.1185966 0.9922868 -0.610462
0.0 0.0 0.0 1.0
180	180	181
0.9992114 -0.0185848 0.0350845 1.6241803
0.0141736 0.9924244 0.1220364 -0.6376055
-0.0370868 -0.1214429 0.9919052 -0.6085646
0.0 0.0 0.0 1.0
181	181	182
0.999194 -0.017945 0.0359075 1.6258379
0.013354 0.9921624 0.124239 -0.6443293
-0.0378556 -0.1236594 0.9916025 -0.6113755
0.0 0.0 0.0 1.0
182	182	183
0.9993193 -0.0181783 0.0321027 1.6442269
0.0140328 0.9920655 0.1249367 -0.6455397
-0.0341191 -0.1244012 0.9916453 -0.6122574
0.0 0.0 0.0 1.0
183	183	184
0.9994418 -0.0164665 0.0290649 1.6593751
0.0127143 0.9920925 0.1248639 -0.6455464
-0.0308911 -0.1244247 0.9917481 -0.6130054
0.0 0.0 0.0 1.0
184	184	185
0.9995214 -0.0142573 0.0274501 1.6711222
0.0107106 0.9920648 0.1252706 -0.6459595
-0.0290183 -0.1249166 0.9917428 -0.6138386
0.0 0.0 0.0 1.0
185	185	186
0.9996051 -0.0129339 0.0249451 1.68417
0.0097235 0.9921371 0.1247767 -0.644488
-0.0263628 -0.1244849 0.9918712 -0.6154358
0.0 0.0 0.0 1.0
186	186	187
0.9996931 -0.0108654 0.0222563 1.6982046
0.00801 0.9921767 0.1245838 -0.6430863
-0.0234359 -0.1243673 0.9919594 -0.6160603
0.0 0.0 0.0 1.0
187	187	188
0.9998196 -0.0101798 0.0160367 1.721943
0.008131 0.9923724 0.1230074 -0.638583
-0.0171665 -0.1228548 0.9922761 -0.6170031
0.0 0.0 0.0 1.0
188	188	189
0.9998798 -0.0082307 0.0131431 1.7367116
0.0065246 0.9921421 0.1249454 -0.6432792
-0.0140682 -0.1248446 0.9920766 -0.6152082
0.0 0.0 0.0 1.0
189	189	190
0.9999251 -0.0068103 0.0101749 1.7527984
0.0055055 0.9923699 0.1231725 -0.6380812
-0.0109361 -0.1231073 0.9923332 -0.6203342
0.0 0.0 0.0 1.0
190	190	191
0.9999431 -0.0045418 0.009657 1.7611042
0.0033111 0.992297 0.123838 -0.6398505
-0.0101451 -0.123799 0.9922554 -0.6211377
0.0 0.0 0.0 1.0
191	191	192
0.9999777 -0.0033443 0.0057692 1.7790134
0.0025937 0.9920877 0.1255191 -0.6433288
-0.0061434 -0.1255014 0.9920744 -0.621262
0.0 0.0 0.0 1.0
192	192	193
0.9999958 -0.0023697 -0.0016314 1.8053974
0.0025559 0.992072 0.1256446 -0.6422162
0.0013207 -0.1256483 0.992074 -0.6214798
0.0 0.0 0.0 1.0
193	193	194
0.9999698 -0.0007827 -0.0077206 1.830049
0.0017329 0.9922984 0.1238574 -0.6372553
0.0075642 -0.123867 0.99227 -0.6216576
0.0 0.0 0.0 1.0
194	194	195
0.9999489 0.0005249 -0.010092 1.8431278
0.0007404 0.9921605 0.1249688 -0.6390664
0.0100785 -0.1249698 0.9921094 -0.6233938
0.0 0.0 0.0 1.0
195	195	196
0.9998874 0.0033869 -0.014613 1.8635464
-0.0015743 0.9924904 0.122313 -0.6310605
0.0149175 -0.1222763 0.992384 -0.6244877
0.0 0.0 0.0 1.0
196	196	197
0.9998706 0.0060466 -0.0149002 1.8715847
-0.0041392 0.992165 0.1248667 -0.6372738
0.0155385 -0.1247889 0.9920617 -0.6264631
0.0 0.0 0.0 1.0
197	197	198
0.999848 0.007637 -0.0156772 1.8811893
-0.0055416 0.9915514 0.129596 -0.6491478
0.0165345 -0.1294895 0.991443 -0.6284802
0.0 0.0 0.0 1.0
198	198	199
0.9996999 0.009347 -0.0226437 1.9074934
-0.0063448 0.9915982 0.1292007 -0.6469537
0.0236611 -0.1290183 0.9913599 -0.6285968
0.0 0.0 0.0 1.0
199	199	200
0.9995156 0.0121911 -0.0286304 1.9310868
-0.0085037 0.9920507 0.1255508 -0.635253
0.0299334 -0.1252465 0.991674 -0.630139
0.0 0.0 0.0 1.0
200	200	201
0.9994372 0.0140282 -0.0304719 1.9441252
-0.0100671 0.9919207 0.1264593 -0.637378
0.0319997 -0.1260814 0.9915037 -0.6318704
0.0 0.0 0.0 1.0
201	201	202
0.9991235 0.0147499 -0.0391695 1.9755818
-0.0097658 0.9921697 0.1245146 -0.6291228
0.0406994 -0.124023 0.9914444 -0.6314161
0.0 0.0 0.0 1.0
202	202	203
0.9988839 0.0174085 -0.0439096 1.996435
-0.0119305 0.9924503 0.1220669 -0.6209001
0.0457031 -0.1214068 0.9915501 -0.6327763
0.0 0.0 0.0 1.0
203	203	204
0.9986661 0.0191685 -0.0479445 2.0144148
-0.0129324 0.9917991 0.1271503 -0.6327362
0.0499886 -0.1263607 0.990724 -0.6306045
0.0 0.0 0.0 1.0
204	204	205
0.9983165 0.0204707 -0.0542667 2.0398245
-0.0137647 0.9925345 0.1211852 -0.6161946
0.0563424 -0.1202342 0.9911454 -0.6344606
0.0 0.0 0.0 1.0
205	205	206
0.9982272 0.0224057 -0.0551394 2.0501187
-0.0152777 0.9918549 0.1264532 -0.6284674
0.0575235 -0.1253866 0.9904389 -0.6368516
0.0 0.0 0.0 1.0
206	206	207
0.9979894 0.0248299 -0.0583156 2.0668364
-0.0171277 0.991491 0.1290438 -0.6345318
0.0610235 -0.1277856 0.9899227 -0.6370602
0.0 0.0 0.0 1.0
207	207	208
0.9977589 0.028801 -0.0603953 2.0813923
-0.020853 0.9915127 0.1283258 -0.6324072
0.0635786 -0.1267788 0.9898914 -0.6407068
0.0 0.0 0.0 1.0
208	208	209
0.9973494 0.0315214 -0.0655772 2.1043208
-0.0230764 0.9917914 0.1257673 -0.6240246
0.0690033 -0.1239207 0.98989 -0.6429634
0.0 0.0 0.0 1.0
209	209	210
0.9973302 0.0341509 -0.0645434 2.1095524
-0.0254673 0.9910727 0.1308677 -0.6372556
0.0684365 -0.1288745 0.9892967 -0.6482628
0.0 0.0 0.0 1.0
210	210	211
0.9969344 0.035202 -0.069876 2.1318555
-0.0257483 0.9909345 0.1318554 -0.6382392
0.0738841 -0.129652 0.988803 -0.6475494
0.0 0.0 0.0 1.0
211	211	212
0.9963228 0.0373541 -0.0771074 2.1596973
-0.0272276 0.9913442 0.1284349 -0.6263244
0.0812376 -0.1258632 0.9887158 -0.6448809
0.0 0.0 0.0 1.0
212	212	213
0.9959222 0.0382071 -0.0817252 2.1812243
-0.0274206 0.9912322 0.1292541 -0.6273656
0.0859471 -0.1264861 0.988238 -0.646902
0.0 0.0 0.0 1.0
213	213	214
0.995736 0.0409208 -0.0826759 2.1922095
-0.0300744 0.9912638 0.1284191 -0.6243984
0.0872086 -0.1253851 0.9882677 -0.6513682
0.0 0.0 0.0 1.0
214	214	215
0.9950944 0.0432512 -0.0889739 2.2186503
-0.0314255 0.9909816 0.1302611 -0.6257928
0.0938054 -0.1268261 0.9874794 -0.6515902
0.0 0.0 0.0 1.0
215	215	216
0.9944636 0.0449748 -0.0949702 2.2417955
-0.0324167 0.9910022 0.1298608 -0.6234139
0.0999562 -0.1260633 0.9869735 -0.6487854
0.0 0.0 0.0 1.0
216	216	217
0.9944388 0.0473664 -0.0940614 2.2486975
-0.0343646 0.9902049 0.1353264 -0.6370478
0.09955 -0.1313415 0.9863261 -0.6573448
0.0 0.0 0.0 1.0
217	217	218
0.9939488 0.0500006 -0.0978048 2.2688043
-0.0368305 0.9905512 0.1321053 -0.62944
0.103486 -0.1277037 0.9863987 -0.6647981
0.0 0.0 0.0 1.0
218	218	219
0.9926124 0.0518025 -0.1097147 2.3109922
-0.0372364 0.9906988 0.1308797 -0.6218257
0.1154741 -0.1258274 0.9853086 -0.6592927
0.0 0.0 0.0 1.0
219	219	220
0.9925608 0.0570108 -0.1075776 2.311654
-0.042776 0.9905549 0.1302735 -0.6196078
0.1139886 -0.1247026 0.9856246 -0.6664469
0.0 0.0 0.0 1.0
220	220	221
0.991767 0.0603395 -0.1129482 2.3365502
-0.0456309 0.9906518 0.1285566 -0.6141518
0.1196494 -0.1223443 0.9852491 -0.6711694
0.0 0.0 0.0 1.0
221	221	222
0.9908308 0.0586399 -0.1217199 2.3709455
-0.0421568 0.9901075 0.1338278 -0.6247467
0.1283634 -0.1274694 0.9835011 -0.6637044
0.0 0.0 0.0 1.0
222	222	223
0.9902936 0.0613219 -0.1247325 2.3883216
-0.0447483 0.9902946 0.1315838 -0.6181821
0.1315909 -0.124725 0.9834263 -0.6670013
0.0 0.0 0.0 1.0
223	223	224
0.9894591 0.0627074 -0.1305322 2.4136217
-0.0450588 0.989954 0.1340178 -0.6219674
0.1376248 -0.1267235 0.9823445 -0.6666793
0.0 0.0 0.0 1.0
224	224	225
0.9891837 0.0654037 -0.131294 2.424804
-0.0471996 0.9894092 0.1372646 -0.6302442
0.1388812 -0.1295829 0.9817944 -0.6701294
0.0 0.0 0.0 1.0
225	225	226
0.9882695 0.066541 -0.1374619 2.4500523
-0.0478733 0.9897016 0.134903 -0.6204638
0.1450228 -0.1267397 0.9812774 -0.6675452
0.0 0.0 0.0 1.0
226	226	227
0.9878265 0.0681048 -0.1398585 2.4656858
-0.0486332 0.9892093 0.1382017 -0.6282632
0.1477615 -0.1297176 0.9804794 -0.670361
0.0 0.0 0.0 1.0
227	227	228
0.9871242 0.0704116 -0.1436256 2.4860942
-0.0504896 0.9891559 0.1379179 -0.6258228
0.1517792 -0.1288905 0.9799746 -0.6716078
0.0 0.0 0.0 1.0
228	228	229
0.9865347 0.0724395 -0.146635 2.5037954
-0.0520639 0.9890194 0.1383105 -0.6262513
0.155044 -0.1288137 0.9794735 -0.6752234
0.0 0.0 0.0 1.0
229	229	230
0.9853426 0.0743257 -0.1535444 2.5326028
-0.0527161 0.9887042 0.1403029 -0.6300905
0.1622381 -0.1301521 0.9781305 -0.6729943
0.0 0.0 0.0 1.0
230	230	231
0.985272 0.0760459 -0.1531543 2.5414107
-0.0546439 0.9887273 0.1393991 -0.626848
0.1620286 -0.1289771 0.9783208 -0.6800434
0.0 0.0 0.0 1.0
231	231	232
0.9841173 0.0779833 -0.1594737 2.5677977
-0.0565937 0.9892926 0.1345265 -0.6118363
0.168257 -0.1233646 0.9779932 -0.6769794
0.0 0.0 0.0 1.0
232	232	233
0.9837011 0.0805778 -0.1607461 2.5809267
-0.0589072 0.9890523 0.1352978 -0.6128442
0.1698883 -0.1236235 0.9776785 -0.6785788
0.0 0.0 0.0 1.0
233	233	234
0.9824557 0.0807416 -0.1681114 2.6095738
-0.0590497 0.9897202 0.1302581 -0.5959282
0.1769006 -0.1180459 0.977124 -0.6745516
0.0 0.0 0.0 1.0
234	234	235
0.9823287 0.0835593 -0.1674762 2.618272
-0.0613177 0.9891044 0.1338382 -0.6063984
0.1768349 -0.1212038 0.9767492 -0.6832114
0.0 0.0 0.0 1.0
235	235	236
0.981656 0.086173 -0.170076 2.6362622
-0.063493 0.9888691 0.1345605 -0.6067546
0.1797783 -0.1212934 0.9762006 -0.6850949
0.0 0.0 0.0 1.0
236	236	237
0.9804773 0.0852056 -0.1772119 2.6636236
-0.0610653 0.9886206 0.1374787 -0.611972
0.1869093 -0.1239732 0.9745232 -0.6795554
0.0 0.0 0.0 1.0
237	237	238
0.9800228 0.0884862 -0.178117 2.6776314
-0.0646454 0.9886701 0.1354715 -0.6065832
0.1880863 -0.1212507 0.9746394 -0.684547
0.0 0.0 0.0 1.0
238	238	239
0.9790936 0.0882726 -0.183259 2.699585
-0.0641776 0.9889702 0.1334889 -0.599202
0.193021 -0.118937 0.9739594 -0.6796583
0.0 0.0 0.0 1.0
239	239	240
0.9787352 0.0909867 -0.1838442 2.7131457
-0.0664886 0.9885726 0.13529 -0.6044976
0.194053 -0.1201896 0.9736005 -0.6882768
0.0 0.0 0.0 1.0
240	240	241
0.9782147 0.0931257 -0.185535 2.7278745
-0.0678291 0.9880626 0.1383165 -0.6117578
0.196201 -0.1227186 0.9728541 -0.688585
0.0 0.0 0.0 1.0
241	241	242
0.9769768 0.0945722 -0.1912397 2.7538438
-0.0685326 0.9879919 0.1384744 -0.611141
0.2020391 -0.1221801 0.9717265 -0.6861623
0.0 0.0 0.0 1.0
242	242	243
0.9762484 0.0956985 -0.1943726 2.7729902
-0.0689042 0.9877194 0.1402236 -0.6157965
0.2054048 -0.1235 0.9708536 -0.686858
0.0 0.0 0.0 1.0
243	243	244
0.975833 0.0969341 -0.1958414 2.7878397
-0.0700668 0.9877048 0.1397493 -0.6130192
0.20698 -0.12265 0.9706268 -0.6885765
0.0 0.0 0.0 1.0
244	244	245
0.9753045 0.0992184 -0.1973244 2.8027089
-0.0722344 0.9875777 0.1395436 -0.6137352
0.2087184 -0.1218438 0.970356 -0.6926148
0.0 0.0 0.0 1.0
245	245	246
0.9741747 0.0992909 -0.2027935 2.8260515
-0.0710838 0.9873201 0.141937 -0.6178277
0.2143151 -0.1238561 0.9688802 -0.6857963
0.0 0.0 0.0 1.0
246	246	247
0.9737796 0.0999621 -0.204355 2.8425138
-0.0721173 0.9876002 0.1394448 -0.6116226
0.2157602 -0.1210509 0.9689139 -0.6898722
0.0 0.0 0.0 1.0
247	247	248
0.9732024 0.1019633 -0.206108 2.854923
-0.0740965 0.9875607 0.1386848 -0.6075808
0.217685 -0.1196965 0.9686516 -0.6835892
0.0 0.0 0.0 1.0
248	248	249
0.9730472 0.1035945 -0.2060276 2.8655446
-0.0748763 0.9869413 0.1426196 -0.6212185
0.2181118 -0.123349 0.9680972 -0.6912318
0.0 0.0 0.0 1.0
249	249	250
0.9727785 0.1037356 -0.2072218 2.8790574
-0.0751812 0.9871187 0.141224 -0.6155963
0.2192026 -0.1218004 0.968047 -0.6903486
0.0 0.0 0.0 1.0
250	250	251
0.9720273 0.1047024 -0.2102386 2.899433
-0.0754918 0.9869162 0.1424687 -0.619378
0.2224047 -0.1226121 0.9672137 -0.6909446
0.0 0.0 0.0 1.0
251	251	252
0.970955 0.1045008 -0.2152349 2.9221373
-0.0749953 0.9871685 0.1409755 -0.6137982
0.2272052 -0.1207392 0.9663332 -0.6849993
0.0 0.0 0.0 1.0
252	252	253
0.970328 0.1045292 -0.2180296 2.9384353
-0.0751314 0.9874335 0.1390336 -0.6081758
0.2298228 -0.1185273 0.9659879 -0.6795456
0.0 0.0 0.0 1.0
253	253	254
0.9703125 0.1052259 -0.2177634 2.9497378
-0.075387 0.9871238 0.1410797 -0.614405
0.2298047 -0.1204748 0.9657513 -0.684032
0.0 0.0 0.0 1.0
254	254	255
0.9695196 0.1055781 -0.2211003 2.9695785
-0.0762277 0.987588 0.1373288 -0.605407
0.2328549 -0.116289 0.9655337 -0.6831636
0.0 0.0 0.0 1.0
255	255	256
0.9699387 0.1091983 -0.2174737 2.9737842
-0.079265 0.9866994 0.1419193 -0.621071
0.2300785 -0.1204149 0.9656937 -0.6941414
0.0 0.0 0.0 1.0
256	256	257
0.9687486 0.1078441 -0.2233736 2.999355
-0.078204 0.9874025 0.1375517 -0.6085921
0.2353938 -0.1157843 0.9649786 -0.686268
0.0 0.0 0.0 1.0
257	257	258
0.9695163 0.1073429 -0.2202628 2.999319
-0.079502 0.9881089 0.1316065 -0.5924663
0.2317706 -0.1100833 0.9665216 -0.6854868
0.0 0.0 0.0 1.0
258	258	259
0.9680173 0.1049873 -0.2278599 3.0299144
-0.07514 0.9878628 0.1359444 -0.6023312
0.2393668 -0.1144752 0.964157 -0.67669
0.0 0.0 0.0 1.0
259	259	260
0.9683353 0.1080358 -0.2250669 3.0336387
-0.0779797 0.9872992 0.1384171 -0.6127614
0.2371624 -0.1164835 0.9644612 -0.6793086
0.0 0.0 0.0 1.0
260	260	261
0.9686748 0.1088501 -0.2232059 3.0426571
-0.0791942 0.9872917 0.1377804 -0.6134322
0.2353668 -0.1157878 0.9649848 -0.6871568
0.0 0.0 0.0 1.0
261	261	262
0.9684028 0.1074512 -0.2250559 3.0553718
-0.0789199 0.9880811 0.1321637 -0.5981988
0.2365747 -0.1102263 0.9653407 -0.6781746
0.0 0.0 0.0 1.0
262	262	263
0.9682714 0.1080726 -0.2253236 3.066718
-0.0803761 0.988423 0.128684 -0.5895012
0.2366222 -0.1064904 0.9657483 -0.6770797
0.0 0.0 0.0 1.0
263	263	264
0.9684952 0.1080431 -0.2243745 3.0759873
-0.0804136 0.9883991 0.1288447 -0.5933058
0.2356923 -0.1067426 0.9659479 -0.6795098
0.0 0.0 0.0 1.0
264	264	265
0.9681062 0.1048458 -0.2275473 3.09459
-0.0765142 0.9885623 0.1299627 -0.5960693
0.2385707 -0.108407 0.9650554 -0.6734912
0.0 0.0 0.0 1.0
265	265	266
0.9694046 0.1066294 -0.2210998 3.0923266
-0.079051 0.9883507 0.1300534 -0.6020216
0.2323917 -0.1085962 0.9665408 -0.6862664
0.0 0.0 0.0 1.0
266	266	267
