0	0	1
1.0 -0.0 0.0 -0.0
-0.0 1.0 -0.0 0.0
0.0 -0.0 1.0 0.0
0.0 0.0 0.0 1.0
1	1	2
0.9999478 -0.0026137 0.0098881 0.006538
0.0026466 0.9999911 -0.0033133 -0.0101274
-0.0098794 0.0033393 0.9999456 -0.0019185
0.0 0.0 0.0 1.0
2	2	3
0.9998655 -0.0051861 0.0155589 0.0217966
0.0052807 0.9999678 -0.0060424 -0.0213802
-0.015527 0.0061237 0.9998608 -0.0065796
0.0 0.0 0.0 1.0
3	3	4
0.9996768 -0.0068685 0.0244747 0.032449
0.0070979 0.9999316 -0.0093006 -0.0304454
-0.0244091 0.0094713 0.9996572 -0.0084533
0.0 0.0 0.0 1.0
4	4	5
0.9994605 -0.0091903 0.0315309 0.0465326
0.0095302 0.999898 -0.0106459 -0.0430496
-0.0314299 0.0109407 0.9994461 -0.0098741
0.0 0.0 0.0 1.0
5	5	6
0.9992338 -0.0124198 0.0371152 0.0639065
0.0129947 0.9997988 -0.01529 -0.0502051
-0.0369178 0.0157606 0.9991941 -0.0167993
0.0 0.0 0.0 1.0
6	6	7
0.9987704 -0.0127057 0.0479202 0.0722102
0.0136037 0.9997371 -0.0184599 -0.0594433
-0.0476731 0.0190891 0.9986805 -0.0170415
0.0 0.0 0.0 1.0
7	7	8
0.9984378 -0.0151614 0.053779 0.0890186
0.0163718 0.9996209 -0.0221385 -0.0689586
-0.0534229 0.0229844 0.9983075 -0.0238985
0.0 0.0 0.0 1.0
8	8	9
0.9981945 -0.0179861 0.0573078 0.110428
0.019429 0.9995056 -0.0247217 -0.0799915
-0.0568348 0.0257905 0.9980505 -0.0283459
0.0 0.0 0.0 1.0
9	9	10
0.9976355 -0.0200906 0.0657261 0.1222215
0.0219034 0.999396 -0.0269771 -0.0896966
-0.0651444 0.0283529 0.9974729 -0.0318265
0.0 0.0 0.0 1.0
10	10	11
0.9972312 -0.0222049 0.0709697 0.1407078
0.0244772 0.99921 -0.0313102 -0.0981949
-0.0702184 0.0329607 0.996987 -0.0369846
0.0 0.0 0.0 1.0
11	11	12
0.9965211 -0.0249287 0.0795255 0.1499941
0.0277411 0.999021 -0.0344585 -0.107592
-0.0785886 0.0365448 0.996237 -0.041063
0.0 0.0 0.0 1.0
12	12	13
0.9960188 -0.0263152 0.0851716 0.1657539
0.029433 0.998934 -0.0355598 -0.121319
-0.084145 0.037925 0.9957315 -0.0457366
0.0 0.0 0.0 1.0
13	13	14
0.9953287 -0.0275438 0.0925293 0.1769726
0.0313578 0.9987066 -0.0400208 -0.1283257
-0.0913073 0.0427354 0.9949054 -0.0479733
0.0 0.0 0.0 1.0
14	14	15
0.9945247 -0.0311211 0.0997606 0.1847868
0.0353605 0.9985328 -0.041013 -0.1414693
-0.0983378 0.044316 0.9941659 -0.0545281
0.0 0.0 0.0 1.0
15	15	16
0.993681 -0.0332515 0.1072029 0.1922668
0.0378926 0.9984176 -0.0415501 -0.1556479
-0.1056517 0.0453497 0.9933686 -0.0587304
0.0 0.0 0.0 1.0
16	16	17
0.9927596 -0.0346253 0.1150189 0.1984817
0.0394523 0.9984222 -0.039959 -0.1748376
-0.1134538 0.0442075 0.9925593 -0.0644744
0.0 0.0 0.0 1.0
17	17	18
0.9917459 -0.0377746 0.1225275 0.2023287
0.042956 0.998279 -0.0399241 -0.1910025
-0.1208085 0.0448579 0.9916619 -0.0694164
0.0 0.0 0.0 1.0
18	18	19
0.9904405 -0.0416511 0.1315017 0.1991877
0.0470429 0.9981636 -0.0381629 -0.2087832
-0.1296707 0.0439843 0.9905811 -0.0740494
0.0 0.0 0.0 1.0
19	19	20
0.989247 -0.0431852 0.1397337 0.1981222
0.0488755 0.9980989 -0.0375489 -0.2272073
-0.1378465 0.0439747 0.9894769 -0.0786696
0.0 0.0 0.0 1.0
20	20	21
0.988891 -0.0446102 0.1417905 0.1952827
0.0500411 0.9981349 -0.0349681 -0.2341507
-0.1399661 0.041675 0.9892789 -0.0814414
0.0 0.0 0.0 1.0
21	21	22
0.9882452 -0.0453211 0.1460049 0.1929916
0.0510332 0.9980617 -0.0356157 -0.2416619
-0.1441077 0.0426481 0.9886426 -0.0828517
0.0 0.0 0.0 1.0
22	22	23
0.9875761 -0.0469029 0.149979 0.1893829
0.0526405 0.9980169 -0.0345152 -0.2499801
-0.1480627 0.0419814 0.9880866 -0.0850077
0.0 0.0 0.0 1.0
23	23	24
0.9867374 -0.048326 0.1549649 0.181957
0.0538048 0.998059 -0.0313556 -0.2646057
-0.1531488 0.0392776 0.9874222 -0.0895584
0.0 0.0 0.0 1.0
24	24	25
0.9860858 -0.0502782 0.1584524 0.1769301
0.055444 0.9980594 -0.0283487 -0.2782892
-0.1567196 0.0367395 0.9869596 -0.0933857
0.0 0.0 0.0 1.0
25	25	26
0.9852674 -0.0528982 0.1626352 0.1703861
0.0579563 0.9979671 -0.0265117 -0.2898812
-0.1609021 0.0355469 0.9863301 -0.0954672
0.0 0.0 0.0 1.0
26	26	27
0.9843256 -0.0543914 0.1677642 0.1607993
0.0594542 0.9979103 -0.0253007 -0.3003184
-0.1660374 0.0348784 0.9855025 -0.0976176
0.0 0.0 0.0 1.0
27	27	28
0.9833893 -0.0572723 0.1722368 0.151725
0.0619122 0.997846 -0.0216842 -0.3162379
-0.1706239 0.0319876 0.9848168 -0.1012665
0.0 0.0 0.0 1.0
28	28	29
0.9824389 -0.0591009 0.176977 0.1418297
0.0633632 0.9978186 -0.0185249 -0.3304754
-0.1754961 0.0294134 0.9840406 -0.1039426
0.0 0.0 0.0 1.0
29	29	30
0.9814711 -0.0612883 0.1815436 0.1313148
0.0655064 0.9977018 -0.0173243 -0.3415674
-0.1800645 0.0288956 0.9832303 -0.105793
0.0 0.0 0.0 1.0
30	30	31
0.9798334 -0.0642546 0.189203 0.1139619
0.0675895 0.9976501 -0.0112199 -0.3625225
-0.1880375 0.0237818 0.981874 -0.1075475
0.0 0.0 0.0 1.0
31	31	32
0.9788934 -0.0667552 0.1931615 0.1039579
0.0698302 0.9975169 -0.0091472 -0.3758348
-0.1920712 0.0224426 0.9811243 -0.1121574
0.0 0.0 0.0 1.0
32	32	33
0.9777311 -0.069687 0.1979538 0.0906118
0.0724523 0.9973491 -0.0067519 -0.3884759
-0.1969585 0.0209437 0.9801881 -0.1146661
0.0 0.0 0.0 1.0
33	33	34
0.9761367 -0.0719196 0.2049019 0.0736772
0.0739116 0.9972627 -0.0020746 -0.4072959
-0.2041918 0.0171697 0.9787804 -0.1156789
0.0 0.0 0.0 1.0
34	34	35
0.9746323 -0.0748422 0.2109273 0.0581091
0.0763693 0.9970791 0.0009083 -0.4217674
-0.2103792 0.0152231 0.9775014 -0.11661
0.0 0.0 0.0 1.0
35	35	36
0.9731977 -0.0784307 0.2161822 0.0438039
0.0789673 0.9968581 0.0061686 -0.4413555
-0.2159868 0.0110681 0.9763336 -0.1207199
0.0 0.0 0.0 1.0
36	36	37
0.9716017 -0.0806446 0.2224561 0.0277201
0.0808553 0.9966922 0.0081755 -0.453501
-0.2223796 0.0100434 0.9749084 -0.1203305
0.0 0.0 0.0 1.0
37	37	38
0.9704453 -0.0844128 0.226076 0.0158769
0.0840816 0.9963969 0.0111116 -0.4679941
-0.2261994 0.0082256 0.9740462 -0.1247678
0.0 0.0 0.0 1.0
38	38	39
0.9685882 -0.0866636 0.2330797 -0.0033551
0.0852422 0.9962289 0.0161842 -0.486417
-0.2336033 0.0041925 0.972323 -0.1279972
0.0 0.0 0.0 1.0
39	39	40
0.9674017 -0.089867 0.2367657 -0.0158238
0.0876271 0.9959528 0.019989 -0.5022872
-0.2376038 0.0014097 0.9713612 -0.1322243
0.0 0.0 0.0 1.0
40	40	41
0.9654897 -0.0921216 0.2436047 -0.0339176
0.0888829 0.9957461 0.024278 -0.5184572
-0.244805 -0.0017878 0.9695708 -0.1327547
0.0 0.0 0.0 1.0
41	41	42
0.9638546 -0.0939041 0.249332 -0.0518669
0.0897454 0.9955705 0.0280213 -0.5367561
-0.2508588 -0.0046321 0.9680127 -0.1369229
0.0 0.0 0.0 1.0
42	42	43
0.9623365 -0.0973068 0.2538497 -0.0654008
0.0923993 0.9952326 0.0312142 -0.5505902
-0.2556767 -0.006583 0.96674 -0.1396086
0.0 0.0 0.0 1.0
43	43	44
0.960973 -0.1012525 0.2574465 -0.0764056
0.0952326 0.9948118 0.0357793 -0.5665526
-0.2597336 -0.0098657 0.9656298 -0.1425632
0.0 0.0 0.0 1.0
44	44	45
0.9592418 -0.1043277 0.2626236 -0.0915425
0.0975393 0.9944754 0.0387916 -0.5797722
-0.2652198 -0.0115944 0.9641183 -0.1453658
0.0 0.0 0.0 1.0
45	45	46
0.9578363 -0.1076342 0.2663913 -0.1041412
0.1000904 0.9941009 0.0417768 -0.5932006
-0.2693164 -0.0133521 0.9629592 -0.1500307
0.0 0.0 0.0 1.0
46	46	47
0.955461 -0.1106987 0.2735692 -0.123079
0.100997 0.9936624 0.0493419 -0.616872
-0.2772975 -0.0195146 0.9605858 -0.1505216
0.0 0.0 0.0 1.0
47	47	48
0.954355 -0.1146818 0.2757797 -0.1316
0.1041223 0.9931683 0.0526822 -0.6302336
-0.2799373 -0.0215627 0.9597761 -0.1577369
0.0 0.0 0.0 1.0
48	48	49
0.9526816 -0.1176861 0.2802633 -0.1451556
0.1056615 0.9927273 0.0576902 -0.6473553
-0.2850144 -0.0253473 0.958188 -0.1609402
0.0 0.0 0.0 1.0
49	49	50
0.9515386 -0.1207678 0.2828239 -0.1535557
0.1077475 0.9922924 0.0612081 -0.6620744
-0.288036 -0.0277683 0.9572169 -0.1662489
0.0 0.0 0.0 1.0
50	50	51
0.9497197 -0.1233013 0.2878006 -0.1651561
0.1085223 0.991846 0.0668176 -0.6781815
-0.2936925 -0.0322252 0.9553566 -0.1660943
0.0 0.0 0.0 1.0
51	51	52
0.948604 -0.1268749 0.2899193 -0.1731631
0.1107939 0.9912831 0.0712935 -0.6937442
-0.2964374 -0.0355081 0.9543921 -0.1744727
0.0 0.0 0.0 1.0
52	52	53
0.946798 -0.1282296 0.2951788 -0.1863951
0.1106815 0.9909854 0.0754818 -0.7063926
-0.3021969 -0.0387952 0.9524557 -0.1762173
0.0 0.0 0.0 1.0
53	53	54
0.9448094 -0.1318109 0.2999353 -0.1983858
0.1122035 0.9903157 0.0817627 -0.7254314
-0.3078079 -0.0435964 0.9504492 -0.1784111
0.0 0.0 0.0 1.0
54	54	55
0.9450871 -0.1341697 0.298008 -0.1929258
0.1150854 0.9900662 0.0807736 -0.7264186
-0.3058851 -0.0420417 0.9511398 -0.1878572
0.0 0.0 0.0 1.0
55	55	56
0.9426917 -0.1353616 0.3049746 -0.207393
0.1151666 0.989843 0.0833518 -0.7348964
-0.3131596 -0.0434522 0.948706 -0.1852728
0.0 0.0 0.0 1.0
56	56	57
0.9413362 -0.1379855 0.3079708 -0.2174733
0.1151766 0.9891549 0.0911423 -0.7582634
-0.3172071 -0.0503245 0.9470202 -0.1926258
0.0 0.0 0.0 1.0
57	57	58
0.940478 -0.1403347 0.3095277 -0.2198401
0.1157409 0.9885775 0.0965338 -0.7735939
-0.3195391 -0.0549629 0.9459777 -0.1991711
0.0 0.0 0.0 1.0
58	58	59
0.9395888 -0.142672 0.3111552 -0.2204207
0.1178435 0.9882548 0.0972888 -0.7767779
-0.321381 -0.0547439 0.9453661 -0.2028525
0.0 0.0 0.0 1.0
59	59	60
0.938689 -0.1445573 0.312995 -0.2210107
0.1183919 0.9878013 0.1011539 -0.7881256
-0.3237993 -0.057896 0.9443526 -0.2080026
0.0 0.0 0.0 1.0
60	60	61
0.9386492 -0.1453029 0.3127692 -0.2153636
0.1184457 0.9875698 0.103328 -0.7930152
-0.3238952 -0.0599426 0.9441921 -0.2146577
0.0 0.0 0.0 1.0
61	61	62
0.9381438 -0.1466604 0.3136506 -0.2128865
0.1184965 0.9871555 0.1071569 -0.8025759
-0.3253375 -0.0633621 0.9434727 -0.220751
0.0 0.0 0.0 1.0
62	62	63
0.9375022 -0.1478764 0.3149953 -0.2103844
0.1184482 0.9867687 0.1107138 -0.8112648
-0.3271994 -0.0664838 0.9426136 -0.2246213
0.0 0.0 0.0 1.0
63	63	64
0.9377257 -0.1486635 0.3139583 -0.2001255
0.1188047 0.9865465 0.1122995 -0.8143924
-0.3264292 -0.0680064 0.942772 -0.232971
0.0 0.0 0.0 1.0
64	64	65
0.9372202 -0.1488909 0.3153565 -0.2019641
0.1191226 0.9865686 0.1117687 -0.8139706
-0.3277621 -0.0671858 0.9423683 -0.2337842
0.0 0.0 0.0 1.0
65	65	66
0.9372986 -0.1490503 0.3150482 -0.1953452
0.1188721 0.9864541 0.1130388 -0.815441
-0.3276289 -0.0685007 0.9423199 -0.234098
0.0 0.0 0.0 1.0
66	66	67
0.9373499 -0.1494025 0.3147284 -0.1891035
0.1186698 0.9862799 0.1147575 -0.8184029
-0.3275553 -0.0702192 0.942219 -0.2376777
0.0 0.0 0.0 1.0
67	67	68
0.9376358 -0.1488711 0.3141278 -0.1821096
0.1176382 0.9862282 0.1162553 -0.82078
-0.3271087 -0.0720517 0.9422358 -0.2430595
0.0 0.0 0.0 1.0
68	68	69
0.9374371 -0.1485906 0.3148535 -0.1780826
0.1166231 0.9861228 0.1181558 -0.8238722
-0.328041 -0.0740444 0.941757 -0.2457697
0.0 0.0 0.0 1.0
69	69	70
0.9378967 -0.1493199 0.3131343 -0.1679389
0.117788 0.9860726 0.117417 -0.8207886
-0.3263059 -0.0732416 0.9424224 -0.2504946
0.0 0.0 0.0 1.0
70	70	71
0.9381022 -0.1494396 0.3124612 -0.1607176
0.1167573 0.9857717 0.1209209 -0.827799
-0.3260857 -0.0769541 0.9422027 -0.2562262
0.0 0.0 0.0 1.0
71	71	72
0.9390068 -0.1500422 0.3094407 -0.1470118
0.1170146 0.9855123 0.1227731 -0.8305871
-0.3233787 -0.0790758 0.9429597 -0.2637627
0.0 0.0 0.0 1.0
72	72	73
0.9394181 -0.1498651 0.3082761 -0.1378732
0.1169886 0.9855362 0.1226052 -0.8283767
-0.3221915 -0.0791127 0.943363 -0.268582
0.0 0.0 0.0 1.0
73	73	74
0.939572 -0.1492797 0.3080905 -0.1297324
0.115858 0.9854745 0.124166 -0.8286979
-0.3221507 -0.0809682 0.9432195 -0.2700067
0.0 0.0 0.0 1.0
74	74	75
0.9407136 -0.1487378 0.3048523 -0.1134439
0.1156485 0.9855237 0.1239699 -0.8249264
-0.3188782 -0.0813645 0.9442968 -0.2787353
0.0 0.0 0.0 1.0
75	75	76
0.9408829 -0.1479153 0.3047299 -0.1068015
0.1146375 0.9855819 0.1244452 -0.8241366
-0.3187436 -0.0821549 0.9442738 -0.2824413
0.0 0.0 0.0 1.0
76	76	77
0.9413203 -0.1488904 0.3028991 -0.095094
0.1144772 0.9850854 0.1284589 -0.8312092
-0.3175077 -0.0862459 0.9443254 -0.288719
0.0 0.0 0.0 1.0
77	77	78
0.9417617 -0.1479754 0.3019738 -0.0845559
0.1136205 0.9851893 0.128423 -0.8282208
-0.3165047 -0.0866334 0.9446265 -0.2932371
0.0 0.0 0.0 1.0
78	78	79
0.9430238 -0.1476066 0.2981916 -0.0672523
0.1130423 0.9850351 0.1301047 -0.8292676
-0.3129334 -0.0889836 0.9455975 -0.3004549
0.0 0.0 0.0 1.0
79	79	80
0.9439065 -0.1481294 0.295124 -0.0515868
0.1136399 0.9848654 0.1308674 -0.8282942
-0.3100426 -0.0899888 0.9464541 -0.3071035
0.0 0.0 0.0 1.0
80	80	81
0.9439425 -0.1473639 0.2953916 -0.0428205
0.1129968 0.9850131 0.1303112 -0.8222657
-0.3101676 -0.089628 0.9464474 -0.3112779
0.0 0.0 0.0 1.0
81	81	82
0.9448601 -0.1470051 0.2926242 -0.0278886
0.1113369 0.9845552 0.1351114 -0.8311818
-0.3079667 -0.0950815 0.9466341 -0.3179373
0.0 0.0 0.0 1.0
82	82	83
0.946031 -0.14585 0.2894014 -0.0105323
0.1107637 0.9847439 0.1342046 -0.8248209
-0.3045598 -0.0949066 0.9477532 -0.3248126
0.0 0.0 0.0 1.0
83	83	84
0.9467226 -0.1462479 0.2869282 0.004538
0.1104648 0.9843578 0.1372496 -0.8282365
-0.3025123 -0.0982418 0.948069 -0.3302238
0.0 0.0 0.0 1.0
84	84	85
0.9477372 -0.1450122 0.2841926 0.0202448
0.1090151 0.9843147 0.1387085 -0.8274344
-0.2998493 -0.1004779 0.9486803 -0.3390391
0.0 0.0 0.0 1.0
85	85	86
0.9479328 -0.1440707 0.2840191 0.0311743
0.1081094 0.9844382 0.138541 -0.8219719
-0.2995589 -0.1006224 0.9487568 -0.3423961
0.0 0.0 0.0 1.0
86	86	87
0.9492289 -0.1438351 0.2797783 0.0510125
0.1076313 0.9841708 0.1407957 -0.8235782
-0.2956009 -0.1035344 0.9496844 -0.348367
0.0 0.0 0.0 1.0
87	87	88
0.9495376 -0.1426014 0.2793619 0.0620262
0.106074 0.9841894 0.141843 -0.8210498
-0.2951719 -0.1050522 0.9496513 -0.3533497
0.0 0.0 0.0 1.0
88	88	89
0.9506844 -0.1418003 0.2758475 0.081211
0.1053943 0.984143 0.1426697 -0.8189791
-0.2917039 -0.1065612 0.9505543 -0.3580295
0.0 0.0 0.0 1.0
89	89	90
0.9521585 -0.1394202 0.2719484 0.100958
0.1040109 0.9845876 0.1406024 -0.808772
-0.2873597 -0.1055902 0.9519848 -0.3660666
0.0 0.0 0.0 1.0
90	90	91
0.9529237 -0.1398265 0.2690445 0.1178379
0.1036688 0.9840935 0.1442659 -0.8141303
-0.2849371 -0.1095829 0.9522617 -0.3731739
0.0 0.0 0.0 1.0
91	91	92
0.9539788 -0.1368855 0.2668083 0.1339151
0.1009246 0.984391 0.1441818 -0.8078315
-0.28238 -0.1106189 0.9529034 -0.3777511
0.0 0.0 0.0 1.0
92	92	93
0.9547277 -0.1372147 0.2639453 0.1519143
0.1011091 0.9841219 0.1458801 -0.8086773
-0.2797712 -0.1125885 0.953442 -0.3860757
0.0 0.0 0.0 1.0
93	93	94
0.9556777 -0.1362246 0.2610035 0.1697588
0.0999055 0.9839661 0.1477488 -0.8078621
-0.2769455 -0.1151245 0.9539641 -0.3913478
0.0 0.0 0.0 1.0
94	94	95
0.9566181 -0.1347724 0.2582985 0.1869075
0.0992002 0.9842728 0.1461724 -0.7978771
-0.2739361 -0.1142079 0.9549427 -0.3968225
0.0 0.0 0.0 1.0
95	95	96
0.9574339 -0.1329834 0.256194 0.2020105
0.0977746 0.9844962 0.1456278 -0.7908009
-0.271588 -0.1143798 0.9555926 -0.4031937
0.0 0.0 0.0 1.0
96	96	97
0.9582769 -0.1319197 0.2535796 0.2195519
0.095431 0.9838841 0.1512124 -0.8005877
-0.2694407 -0.120704 0.9554225 -0.411417
0.0 0.0 0.0 1.0
97	97	98
0.9593969 -0.130703 0.2499485 0.2399343
0.0952888 0.9842463 0.1489274 -0.7886539
-0.2654761 -0.1190632 0.9567373 -0.4185534
0.0 0.0 0.0 1.0
98	98	99
0.9607438 -0.1295117 0.2453523 0.2618351
0.0939339 0.9839721 0.1515762 -0.7896911
-0.2610506 -0.1225791 0.9575108 -0.4273919
0.0 0.0 0.0 1.0
99	99	100
0.9615179 -0.1285731 0.2428001 0.2796688
0.0928461 0.9838101 0.153288 -0.7888767
-0.2585778 -0.1248461 0.9578887 -0.4292799
0.0 0.0 0.0 1.0
100	100	101
0.9622924 -0.1269589 0.2405713 0.2955485
0.0919174 0.9841436 0.1516986 -0.7787225
-0.2560161 -0.1238658 0.9587038 -0.4367791
0.0 0.0 0.0 1.0
101	101	102
0.9634573 -0.1250931 0.2368578 0.315489
0.0902623 0.9841557 0.1526115 -0.7758585
-0.2521955 -0.1256553 0.9594833 -0.4449151
0.0 0.0 0.0 1.0
102	102	103
0.9641293 -0.1243055 0.2345264 0.331165
0.0904064 0.9845188 0.1501646 -0.7642782
-0.2495619 -0.1235754 0.9604415 -0.453155
0.0 0.0 0.0 1.0
103	103	104
0.9655306 -0.1218949 0.2299832 0.3555647
0.0886393 0.9847357 0.1497949 -0.756637
-0.2447318 -0.124246 0.9615971 -0.456786
0.0 0.0 0.0 1.0
104	104	105
0.9667019 -0.1206436 0.2256819 0.3773379
0.0870755 0.9843481 0.153221 -0.7605681
-0.2406347 -0.1284677 0.9620764 -0.4655305
0.0 0.0 0.0 1.0
105	105	106
0.9683577 -0.119551 0.2190677 0.4058444
0.087585 0.9847605 0.1502521 -0.7464817
-0.2336919 -0.1263108 0.9640714 -0.4717523
0.0 0.0 0.0 1.0
106	106	107
0.9685426 -0.1192483 0.2184145 0.4183613
0.085837 0.9839311 0.1565615 -0.7584096
-0.2335745 -0.1328885 0.9632152 -0.4781557
0.0 0.0 0.0 1.0
107	107	108
0.9689673 -0.1170415 0.2177238 0.4323729
0.0833042 0.983892 0.158169 -0.7575536
-0.2327289 -0.1351233 0.9631091 -0.485024
0.0 0.0 0.0 1.0
108	108	109
0.9701263 -0.1155416 0.2133194 0.4553052
0.0823328 0.9839207 0.1584975 -0.7534302
-0.2282024 -0.1361994 0.9640402 -0.4923809
0.0 0.0 0.0 1.0
109	109	110
0.9706813 -0.114585 0.2113002 0.4712084
0.0812983 0.9837623 0.1600074 -0.751264
-0.2262036 -0.1381379 0.9642354 -0.4975432
0.0 0.0 0.0 1.0
110	110	111
0.9713765 -0.1119155 0.2095299 0.4862823
0.0785294 0.983761 0.1613924 -0.7486237
-0.2241897 -0.1403185 0.9643908 -0.5022534
0.0 0.0 0.0 1.0
111	111	112
0.9727932 -0.1112054 0.2032407 0.5129499
0.0788195 0.9837967 0.1610328 -0.7434602
-0.2178552 -0.1406323 0.9657959 -0.5122048
0.0 0.0 0.0 1.0
112	112	113
0.9730746 -0.1099271 0.2025879 0.5258544
0.076801 0.9833512 0.1646882 -0.7468433
-0.2173188 -0.1446949 0.9653165 -0.5140612
0.0 0.0 0.0 1.0
113	113	114
0.9738423 -0.108229 0.1997941 0.5427046
0.0759552 0.9837514 0.1626775 -0.7354538
-0.2141542 -0.1432468 0.9662393 -0.5206636
0.0 0.0 0.0 1.0
114	114	115
0.9746264 -0.1072291 0.1964821 0.5637118
0.074814 0.9833584 0.1655566 -0.737904
-0.2109648 -0.1466562 0.9664294 -0.5264069
0.0 0.0 0.0 1.0
115	115	116
0.975799 -0.1044752 0.1920969 0.5853711
0.0729326 0.9836754 0.1645112 -0.7295633
-0.2061483 -0.1465197 0.9674891 -0.5341938
0.0 0.0 0.0 1.0
116	116	117
0.977096 -0.1033909 0.1859936 0.6118833
0.0729654 0.9838282 0.1635791 -0.7232296
-0.1998984 -0.1462614 0.9688388 -0.5408966
0.0 0.0 0.0 1.0
117	117	118
0.9778212 -0.102385 0.18271 0.6314235
0.0717925 0.9833683 0.1668322 -0.7270567
-0.1967523 -0.1500148 0.9689087 -0.5468633
0.0 0.0 0.0 1.0
118	118	119
0.9783718 -0.1008986 0.1805768 0.6467512
0.0706191 0.9834436 0.1668888 -0.7211733
-0.1944259 -0.1505272 0.9692988 -0.5515038
0.0 0.0 0.0 1.0
119	119	120
0.9791571 -0.0988737 0.1774122 0.665836
0.0691637 0.9836197 0.1664597 -0.7159817
-0.1909646 -0.1507197 0.9699568 -0.5570108
0.0 0.0 0.0 1.0
120	120	121
0.9798478 -0.097192 0.1745049 0.6834691
0.0672282 0.9831347 0.170078 -0.7200942
-0.188092 -0.1549189 0.9698565 -0.5609389
0.0 0.0 0.0 1.0
121	121	122
0.9804636 -0.0955456 0.1719372 0.6996711
0.066202 0.983397 0.1689606 -0.7118056
-0.1852259 -0.1542771 0.9705102 -0.5705106
0.0 0.0 0.0 1.0
122	122	123
0.9812265 -0.0930795 0.1689095 0.7178956
0.0644226 0.9837071 0.1678402 -0.7035824
-0.1817799 -0.1538076 0.971236 -0.5760627
0.0 0.0 0.0 1.0
123	123	124
0.9821562 -0.0920079 0.1640233 0.7406766
0.0647051 0.9842276 0.1646489 -0.6904304
-0.1765852 -0.1510978 0.9726188 -0.5825511
0.0 0.0 0.0 1.0
124	124	125
0.9832948 -0.0909939 0.157643 0.7680373
0.064427 0.9839993 0.1661168 -0.6903977
-0.1702362 -0.1531853 0.9734239 -0.5856978
0.0 0.0 0.0 1.0
125	125	126
0.9839718 -0.0895969 0.1541819 0.7855344
0.0632175 0.9837228 0.1682054 -0.6910015
-0.1667428 -0.1557623 0.9736196 -0.5914429
0.0 0.0 0.0 1.0
126	126	127
0.983578 -0.0884616 0.1573169 0.7869907
0.0613503 0.9836144 0.1695257 -0.6902548
-0.1697356 -0.1570904 0.9728888 -0.5931269
0.0 0.0 0.0 1.0
127	127	128
0.9847127 -0.0857491 0.1516167 0.8118252
0.0600504 0.9841923 0.1666119 -0.6779463
-0.1635068 -0.1549602 0.9742962 -0.6009477
0.0 0.0 0.0 1.0
128	128	129
0.985009 -0.0851363 0.1500301 0.8255087
0.0592805 0.9838184 0.1690782 -0.6821625
-0.1619971 -0.1576497 0.9741168 -0.6029796
0.0 0.0 0.0 1.0
129	129	130
0.9849595 -0.0838452 0.1510783 0.8310688
0.0576251 0.9837143 0.1702517 -0.6806691
-0.1628926 -0.1589851 0.9737504 -0.60755
0.0 0.0 0.0 1.0
130	130	131
0.9854854 -0.0828762 0.1481559 0.8473175
0.0563884 0.9829894 0.1747917 -0.6900078
-0.1601217 -0.1639004 0.973395 -0.6103458
0.0 0.0 0.0 1.0
131	131	132
0.9859231 -0.0817263 0.1458647 0.8625041
0.0561448 0.9835675 0.1715897 -0.6781815
-0.1574911 -0.1609847 0.9743104 -0.6140535
0.0 0.0 0.0 1.0
132	132	133
0.9864825 -0.0799829 0.1430209 0.8796958
0.0550298 0.9838004 0.1706131 -0.6722968
-0.1543501 -0.1604364 0.9749033 -0.6179451
0.0 0.0 0.0 1.0
133	133	134
0.9877379 -0.077528 0.1355114 0.9073496
0.0544866 0.9845942 0.1661491 -0.6565918
-0.1463049 -0.1567282 0.9767453 -0.6211343
0.0 0.0 0.0 1.0
134	134	135
0.987254 -0.0781429 0.1386471 0.9071366
0.052933 0.9827877 0.1769934 -0.6839598
-0.1500914 -0.1673984 0.9743974 -0.6241018
0.0 0.0 0.0 1.0
135	135	136
0.9878596 -0.076184 0.1353857 0.923276
0.0516475 0.9829826 0.1762893 -0.6785531
-0.1465122 -0.1671567 0.9749835 -0.6257578
0.0 0.0 0.0 1.0
136	136	137
0.9881775 -0.0739521 0.1343001 0.9344263
0.0503163 0.9838895 0.1715504 -0.6651216
-0.144823 -0.1627648 0.9759784 -0.6356742
0.0 0.0 0.0 1.0
137	137	138
0.9884028 -0.072487 0.1334375 0.943813
0.0487554 0.9836758 0.1732178 -0.6669905
-0.1438153 -0.1647032 0.9758022 -0.6359145
0.0 0.0 0.0 1.0
138	138	139
0.988528 -0.0723721 0.1325694 0.9533966
0.0483295 0.9831424 0.1763379 -0.6744356
-0.1430967 -0.1679079 0.9753617 -0.6389934
0.0 0.0 0.0 1.0
139	139	140
0.9891202 -0.0715818 0.128519 0.9719539
0.048344 0.9832755 0.1755898 -0.670426
-0.1389387 -0.1674663 0.9760385 -0.6421071
0.0 0.0 0.0 1.0
140	140	141
0.9890416 -0.0714938 0.1291726 0.9702827
0.0480152 0.9831293 0.1764971 -0.672534
-0.1396118 -0.1683607 0.9757885 -0.6406485
0.0 0.0 0.0 1.0
141	141	142
0.9897588 -0.0697015 0.1245762 0.9973633
0.0470863 0.9832562 0.17604 -0.668423
-0.1347606 -0.1683713 0.9764684 -0.6498232
0.0 0.0 0.0 1.0
142	142	143
0.9903275 -0.067533 0.1212046 1.0210421
0.0458173 0.9837227 0.1737527 -0.6599599
-0.1309658 -0.1665189 0.9773021 -0.6530815
0.0 0.0 0.0 1.0
143	143	144
0.9913141 -0.065532 0.1140258 1.0537075
0.0450847 0.98381 0.1734511 -0.6587651
-0.1235464 -0.1668037 0.9782192 -0.6585034
0.0 0.0 0.0 1.0
144	144	145
0.9915844 -0.0640848 0.1124884 1.0701921
0.0441564 0.9842006 0.1714618 -0.6525688
-0.1216993 -0.1650517 0.9787477 -0.6624022
0.0 0.0 0.0 1.0
145	145	146
0.991587 -0.0629671 0.1130942 1.0802542
0.0428328 0.9841012 0.1723657 -0.6553897
-0.1221495 -0.1660715 0.9785191 -0.6604996
0.0 0.0 0.0 1.0
146	146	147
0.992113 -0.0609703 0.1095176 1.1003392
0.0417447 0.984566 0.1699621 -0.649177
-0.11819 -0.1640498 0.9793462 -0.6646433
0.0 0.0 0.0 1.0
147	147	148
0.9927449 -0.0601868 0.1040928 1.1272272
0.0419846 0.9847279 0.1689613 -0.6490023
-0.1126724 -0.1633652 0.9801105 -0.6632066
0.0 0.0 0.0 1.0
148	148	149
0.9926092 -0.0593111 0.1058735 1.1311972
0.0406769 0.9845696 0.1702002 -0.6537799
-0.1143346 -0.1646357 0.9797054 -0.6645052
0.0 0.0 0.0 1.0
149	149	150
0.9930842 -0.0576701 0.1022638 1.1498768
0.040379 0.9856772 0.1637375 -0.6385201
-0.1102419 -0.1584758 0.9811891 -0.6677263
0.0 0.0 0.0 1.0
150	150	151
0.9930861 -0.0569539 0.1026458 1.1573579
0.0395113 0.9855711 0.1645852 -0.6435149
-0.1105386 -0.1593916 0.9810074 -0.6637501
0.0 0.0 0.0 1.0
151	151	152
0.9933439 -0.0564169 0.1004239 1.1730326
0.0391776 0.9853424 0.1660281 -0.6520486
-0.1083188 -0.1609886 0.9809942 -0.6627437
0.0 0.0 0.0 1.0
152	152	153
0.9936092 -0.0553334 0.0983813 1.1862204
0.0387495 0.9858444 0.1631233 -0.6480337
-0.1060148 -0.1582685 0.9816883 -0.662661
0.0 0.0 0.0 1.0
153	153	154
0.9940961 -0.0547187 0.0936955 1.2076784
0.0392798 0.9864427 0.1593346 -0.6424974
-0.1011439 -0.1547136 0.9827684 -0.661063
0.0 0.0 0.0 1.0
154	154	155
0.9937949 -0.0535955 0.0974633 1.2042041
0.0376491 0.9866164 0.1586516 -0.6451156
-0.1046619 -0.1539978 0.9825124 -0.6582704
0.0 0.0 0.0 1.0
155	155	156
0.9940292 -0.0522443 0.095793 1.2160882
0.0367747 0.9869656 0.1566736 -0.6441312
-0.1027297 -0.1522154 0.982994 -0.6553302
0.0 0.0 0.0 1.0
156	156	157
0.9942969 -0.0514641 0.0934075 1.2298312
0.0366713 0.987439 0.1536861 -0.64217
-0.1001436 -0.1493843 0.9836948 -0.6542308
0.0 0.0 0.0 1.0
157	157	158
0.9942912 -0.0505074 0.093989 1.2372892
0.0359517 0.9879451 0.1505718 -0.6388434
-0.1004609 -0.1463331 0.984121 -0.6497298
0.0 0.0 0.0 1.0
158	158	159
0.9943479 -0.0486996 0.0943431 1.2435056
0.0342946 0.9882882 0.1486959 -0.638388
-0.1004796 -0.1446201 0.9843724 -0.6462537
0.0 0.0 0.0 1.0
159	159	160
0.994781 -0.0478782 0.0901031 1.2628753
0.0344416 0.9888069 0.1451712 -0.6353547
-0.0960451 -0.1413103 0.9852953 -0.6453131
0.0 0.0 0.0 1.0
160	160	161
0.9948163 -0.0472873 0.0900245 1.2712828
0.0335468 0.9883518 0.1484431 -0.6512496
-0.0959953 -0.1446536 0.9848148 -0.6417145
0.0 0.0 0.0 1.0
161	161	162
0.9949277 -0.0467367 0.0890755 1.2817388
0.033921 0.9895263 0.140311 -0.6339578
-0.0947003 -0.1365778 0.9860925 -0.6398814
0.0 0.0 0.0 1.0
162	162	163
0.9949799 -0.0458788 0.088939 1.2909033
0.0331837 0.9896944 0.1392972 -0.6368298
-0.0944133 -0.1356466 0.9862484 -0.632023
0.0 0.0 0.0 1.0
163	163	164
0.9951303 -0.0451819 0.087604 1.3035384
0.0324289 0.9893515 0.1418863 -0.649327
-0.0930819 -0.1383545 0.9859989 -0.6316876
0.0 0.0 0.0 1.0
164	164	165
0.9955138 -0.0436509 0.0839458 1.3230405
0.0318438 0.9900352 0.1371713 -0.6420952
-0.089097 -0.1338827 0.9869839 -0.628817
0.0 0.0 0.0 1.0
165	165	166
0.9959214 -0.0410394 0.0803512 1.3425155
0.0304337 0.9911736 0.1290288 -0.6249459
-0.0849372 -0.1260572 0.9883801 -0.6267248
0.0 0.0 0.0 1.0
166	166	167
0.9959339 -0.0410586 0.0801853 1.354158
0.0302378 0.9908178 0.1317787 -0.6379305
-0.0848597 -0.1288183 0.9880307 -0.6222208
0.0 0.0 0.0 1.0
167	167	168
0.9964665 -0.0392319 0.0742657 1.3820287
0.0294271 0.9912347 0.1287928 -0.6340566
-0.0786675 -0.1261523 0.9888868 -0.6224508
0.0 0.0 0.0 1.0
168	168	169
0.9963387 -0.0378589 0.0766532 1.3875438
0.0277048 0.9911996 0.129444 -0.6404461
-0.0808793 -0.1268464 0.9886196 -0.6186019
0.0 0.0 0.0 1.0
169	169	170
0.9970744 -0.0347609 0.0680772 1.422958
0.0261086 0.9919268 0.1240951 -0.6302501
-0.0718413 -0.1219546 0.9899323 -0.6184644
0.0 0.0 0.0 1.0
170	170	171
0.9971051 -0.0335259 0.0682451 1.4369425
0.0249571 0.992124 0.1227484 -0.6309
-0.0718228 -0.1206899 0.9900885 -0.6178454
0.0 0.0 0.0 1.0
171	171	172
0.9974382 -0.0312022 0.0643697 1.4597949
0.0233363 0.9925575 0.1195194 -0.6245494
-0.0676199 -0.1177111 0.990743 -0.612653
0.0 0.0 0.0 1.0
172	172	173
0.9978473 -0.0291512 0.0587452 1.490975
0.0216461 0.991975 0.1245674 -0.640588
-0.0619051 -0.1230277 0.9904705 -0.612809
0.0 0.0 0.0 1.0
173	173	174
0.9980976 -0.0265036 0.0556661 1.5151983
0.0193569 0.9919416 0.125209 -0.6437906
-0.058536 -0.1238932 0.9905676 -0.6140909
0.0 0.0 0.0 1.0
174	174	175
0.9980835 -0.0240698 0.0570094 1.5195489
0.0168321 0.9921152 0.1241943 -0.6422343
-0.0595492 -0.1229967 0.9906188 -0.6160596
0.0 0.0 0.0 1.0
175	175	176
0.9981771 -0.0223176 0.0560768 1.5292584
0.0152519 0.9922389 0.1234076 -0.6405737
-0.0583958 -0.1223274 0.9907705 -0.6151919
0.0 0.0 0.0 1.0
176	176	177
0.9981403 -0.0212348 0.0571404 1.5335295
0.0139752 0.9921122 0.1245724 -0.6442187
-0.0593349 -0.1235422 0.9905639 -0.6140198
0.0 0.0 0.0 1.0
177	177	178
0.9983131 -0.0196712 0.054626 1.5462056
0.0128946 0.9924778 0.1217434 -0.6362304
-0.0566099 -0.1208336 0.9910573 -0.6163939
0.0 0.0 0.0 1.0
178	178	179
0.9985682 -0.0190438 0.0499869 1.5666134
0.0129493 0.9927464 0.1195287 -0.6312157
-0.0519006 -0.1187102 0.9915717 -0.6154664
0.0 0.0 0.0 1.0
179	179	180
0.9989977 -0.0190124 0.0405233 1.5978042
0.0141758 0.9930937 0.1164631 -0.6229075
-0.0424576 -0.1157719 0.992368 -0.6177704
0.0 0.0 0.0 1.0
180	180	181
0.9989806 -0.0172449 0.0417174 1.6022084
0.0121577 0.9927887 0.1192592 -0.6304464
-0.0434732 -0.1186305 0.9919863 -0.6159218
0.0 0.0 0.0 1.0
181	181	182
0.9990923 -0.0159956 0.0394829 1.6132535
0.0110562 0.9924326 0.122292 -0.639179
-0.0411403 -0.1217445 0.9917085 -0.6176947
0.0 0.0 0.0 1.0
182	182	183
0.9992314 -0.0162316 0.0356799 1.6316361
0.0117277 0.9923375 0.1229986 -0.6404312
-0.037403 -0.1224856 0.9917652 -0.6186399
0.0 0.0 0.0 1.0
183	183	184
0.9993615 -0.0145198 0.0326424 1.6467819
0.0104027 0.9923605 0.1229328 -0.6404724
-0.034178 -0.1225147 0.991878 -0.6194381
0.0 0.0 0.0 1.0
184	184	185
0.9994427 -0.0123123 0.0310285 1.6585255
0.0083954 0.9923286 0.1233433 -0.6409119
-0.0323091 -0.1230141 0.9918789 -0.6203109
0.0 0.0 0.0 1.0
185	185	186
0.9995327 -0.0109874 0.0285228 1.671571
0.0074031 0.992397 0.1228552 -0.6394684
-0.0296558 -0.1225866 0.9920146 -0.6219487
0.0 0.0 0.0 1.0
186	186	187
0.9996265 -0.0089183 0.0258339 1.6856071
0.005684 0.9924314 0.1226684 -0.6380987
-0.0267324 -0.1224758 0.9921113 -0.6226169
0.0 0.0 0.0 1.0
187	187	188
0.9997737 -0.0082273 0.0196116 1.7093525
0.0057928 0.9926226 0.1211062 -0.6336499
-0.0204633 -0.1209652 0.9924458 -0.62363
0.0 0.0 0.0 1.0
188	188	189
0.9998405 -0.0062854 0.016722 1.7241157
0.0041805 0.9923915 0.1230514 -0.6383844
-0.0173682 -0.1229619 0.9922593 -0.6218927
0.0 0.0 0.0 1.0
189	189	190
0.9998937 -0.0048587 0.0137505 1.7401978
0.0031554 0.9926126 0.1212851 -0.6332149
-0.0142382 -0.1212288 0.9925224 -0.6270622
0.0 0.0 0.0 1.0
190	190	191
0.9999091 -0.0025926 0.0132339 1.7484967
0.0009595 0.9925357 0.121952 -0.6350025
-0.0134513 -0.1219282 0.9924477 -0.6278967
0.0 0.0 0.0 1.0
191	191	192
0.9999554 -0.0014013 0.0093495 1.7663975
0.0002345 0.9923267 0.1236427 -0.6385229
-0.009451 -0.1236349 0.9922827 -0.6280868
0.0 0.0 0.0 1.0
192	192	193
0.9999979 -0.0004273 0.0019493 1.7927829
0.0001827 0.992309 0.1237857 -0.6374725
-0.0019872 -0.1237851 0.9923071 -0.62839
0.0 0.0 0.0 1.0
193	193	194
0.9999908 0.0011662 -0.0041435 1.8174458
-0.000652 0.9925283 0.1220125 -0.6325697
0.0042548 -0.1220087 0.99252 -0.6286401
0.0 0.0 0.0 1.0
194	194	195
0.9999758 0.0024698 -0.0065128 1.8305143
-0.0016491 0.9923893 0.1231298 -0.6344087
0.0067674 -0.1231161 0.9923692 -0.6304229
0.0 0.0 0.0 1.0
195	195	196
0.9999247 0.0053415 -0.0110391 1.850948
-0.0039728 0.9927072 0.1204843 -0.626449
0.0116022 -0.1204314 0.9926538 -0.6315695
0.0 0.0 0.0 1.0
196	196	197
0.9999039 0.0079921 -0.0113214 1.8589647
-0.0065388 0.9923803 0.1230393 -0.6326776
0.0122184 -0.1229534 0.9923373 -0.6335831
0.0 0.0 0.0 1.0
197	197	198
0.9998811 0.0095654 -0.0120891 1.8685347
-0.007943 0.9917719 0.1277716 -0.6445705
0.0132119 -0.1276604 0.9917299 -0.6356543
0.0 0.0 0.0 1.0
198	198	199
0.9997549 0.0112771 -0.0190568 1.8948437
-0.0087592 0.9918137 0.1273929 -0.6424388
0.0203374 -0.1271947 0.9916692 -0.6358539
0.0 0.0 0.0 1.0
199	199	200
0.9995862 0.0141347 -0.025051 1.9184594
-0.0109295 0.9922523 0.1237566 -0.6307911
0.0266062 -0.1234316 0.9919963 -0.6374523
0.0 0.0 0.0 1.0
200	200	201
0.9995109 0.0159688 -0.026891 1.9314867
-0.0124966 0.9921195 0.1246698 -0.6329437
0.0286699 -0.1242728 0.9918338 -0.639231
0.0 0.0 0.0 1.0
201	201	202
0.9992267 0.0166978 -0.0355933 1.9629642
-0.0122108 0.992363 0.1227459 -0.624764
0.0373711 -0.1222164 0.9917997 -0.6388654
0.0 0.0 0.0 1.0
202	202	203
0.9989984 0.0193657 -0.0403388 1.9838322
-0.0143843 0.9926324 0.1203092 -0.6165882
0.0423715 -0.1196084 0.9919165 -0.6402793
0.0 0.0 0.0 1.0
203	203	204
0.9987924 0.0211078 -0.0443644 2.0017908
-0.0153938 0.9919863 0.1254037 -0.628471
0.0466558 -0.1245694 0.9911134 -0.6381893
0.0 0.0 0.0 1.0
204	204	205
0.9984619 0.022432 -0.0506993 2.0272276
-0.0162372 0.9927071 0.1194528 -0.6119825
0.0530092 -0.1184459 0.9915446 -0.6420984
0.0 0.0 0.0 1.0
205	205	206
0.998373 0.0243483 -0.0515618 2.0374842
-0.0177522 0.9920326 0.1247242 -0.6242751
0.0541878 -0.1236059 0.9908507 -0.6445466
0.0 0.0 0.0 1.0
206	206	207
0.9981422 0.0267636 -0.0547335 2.0541863
-0.0196082 0.9916674 0.1273233 -0.6303787
0.0576851 -0.1260136 0.99035 -0.6448219
0.0 0.0 0.0 1.0
207	207	208
0.9979115 0.0307382 -0.056815 2.0687351
-0.0233377 0.9916779 0.1266103 -0.6282818
0.060234 -0.1250199 0.9903241 -0.6485127
0.0 0.0 0.0 1.0
208	208	209
0.9975146 0.0334687 -0.062003 2.0916762
-0.0255703 0.9919447 0.1240641 -0.6199493
0.0656558 -0.1221703 0.9903351 -0.6508296
0.0 0.0 0.0 1.0
209	209	210
0.997488 0.03608 -0.060959 2.0968585
-0.0279601 0.9912291 0.1291631 -0.6331828
0.0650846 -0.1271342 0.9897479 -0.6561708
0.0 0.0 0.0 1.0
210	210	211
0.9971094 0.0371282 -0.0662909 2.1191614
-0.0282504 0.9910899 0.1301644 -0.6342206
0.070533 -0.1279154 0.9892737 -0.6555334
0.0 0.0 0.0 1.0
211	211	212
0.9965186 0.0392938 -0.0735306 2.1470404
-0.029742 0.9914872 0.1267612 -0.6223767
0.0778856 -0.1241329 0.9892042 -0.6529348
0.0 0.0 0.0 1.0
212	212	213
0.9961332 0.0401444 -0.078148 2.1685581
-0.0299429 0.9913747 0.1275923 -0.6234653
0.0825961 -0.1247589 0.9887432 -0.6550291
0.0 0.0 0.0 1.0
213	213	214
0.9959447 0.0428618 -0.0791005 2.1795349
-0.0325986 0.9913977 0.1267594 -0.6205158
0.0838532 -0.1236668 0.9887745 -0.6595262
0.0 0.0 0.0 1.0
214	214	215
0.9953217 0.0451868 -0.0853967 2.2059715
-0.0339605 0.9911125 0.1286179 -0.6219724
0.0904496 -0.1251161 0.9880105 -0.6598383
0.0 0.0 0.0 1.0
215	215	216
0.994709 0.046913 -0.0913957 2.2291319
-0.0349618 0.9911277 0.1282328 -0.6196536
0.0966006 -0.1243589 0.9875238 -0.6571059
0.0 0.0 0.0 1.0
216	216	217
0.9946784 0.0492852 -0.090476 2.2359734
-0.0369089 0.9903347 0.1336973 -0.6332877
0.0961908 -0.1296465 0.9868835 -0.6657135
0.0 0.0 0.0 1.0
217	217	218
0.9941953 0.0519322 -0.0942268 2.256073
-0.039381 0.9906679 0.130485 -0.6257137
0.1001238 -0.1260169 0.9869625 -0.673219
0.0 0.0 0.0 1.0
218	218	219
0.99343 0.0548421 -0.1004452 2.2814751
-0.0418256 0.9909701 0.1273933 -0.6141528
0.1065247 -0.1223551 0.9867531 -0.6717054
0.0 0.0 0.0 1.0
219	219	220
0.9933421 0.0600594 -0.098308 2.2820828
-0.047359 0.9908 0.1267769 -0.6119092
0.1050177 -0.1212771 0.9870477 -0.6788564
0.0 0.0 0.0 1.0
220	220	221
0.9925866 0.0634093 -0.1036888 2.3069592
-0.0502332 0.9908736 0.1250839 -0.6065378
0.1106739 -0.118948 0.9867131 -0.6837775
0.0 0.0 0.0 1.0
221	221	222
0.991742 0.0616621 -0.1124534 2.3413739
-0.0467902 0.9903569 0.1303985 -0.6173055
0.1194097 -0.1240599 0.9850638 -0.6766598
0.0 0.0 0.0 1.0
222	222	223
0.9912226 0.0643691 -0.115476 2.3587482
-0.0493923 0.9905218 0.1281673 -0.6108001
0.1226315 -0.1213387 0.9850069 -0.6800845
0.0 0.0 0.0 1.0
223	223	224
0.99044 0.0657354 -0.1212748 2.3840332
-0.0497234 0.9901836 0.1306298 -0.6146919
0.1286713 -0.1233508 0.983986 -0.6800018
0.0 0.0 0.0 1.0
224	224	225
0.9901667 0.068404 -0.1220277 2.3951502
-0.051868 0.989639 0.1338819 -0.6230013
0.1299215 -0.126236 0.9834556 -0.6835837
0.0 0.0 0.0 1.0
225	225	226
0.9893042 0.0695676 -0.1282098 2.4204619
-0.0525625 0.9899153 0.131548 -0.6133362
0.1360684 -0.123402 0.9829839 -0.6811843
0.0 0.0 0.0 1.0
226	226	227
0.9888824 0.0711029 -0.1305995 2.4360363
-0.0533315 0.9894284 0.1348599 -0.6211895
0.1388078 -0.1263954 0.9822203 -0.6841697
0.0 0.0 0.0 1.0
227	227	228
0.9882076 0.0734167 -0.1343721 2.4564426
-0.055201 0.9893621 0.1345937 -0.6188289
0.1428241 -0.125589 0.9817478 -0.6855877
0.0 0.0 0.0 1.0
228	228	229
0.9876404 0.0754446 -0.1373842 2.4741094
-0.0567859 0.989217 0.1350009 -0.6193166
0.1460878 -0.1255308 0.9812749 -0.6893615
0.0 0.0 0.0 1.0
229	229	230
0.9865093 0.0773175 -0.1442967 2.5029185
-0.0574619 0.9888994 0.1370273 -0.6232844
0.1532895 -0.1268871 0.980001 -0.687403
0.0 0.0 0.0 1.0
230	230	231
0.9864287 0.0790482 -0.1439088 2.5116777
-0.0593885 0.9889106 0.1361211 -0.6200504
0.153073 -0.1257272 0.9801844 -0.694517
0.0 0.0 0.0 1.0
231	231	232
0.9853211 0.0810374 -0.1502512 2.5381534
-0.0613584 0.9894451 0.1312762 -0.6051609
0.1593036 -0.12013 0.9798936 -0.6916276
0.0 0.0 0.0 1.0
232	232	233
0.9849097 0.0836286 -0.1515231 2.5512638
-0.0636766 0.9891951 0.132054 -0.6062169
0.1609294 -0.1204128 0.979593 -0.693347
0.0 0.0 0.0 1.0
233	233	234
0.9837258 0.0838445 -0.1589141 2.5800161
-0.063842 0.98984 0.1270473 -0.5894365
0.1679518 -0.1148343 0.979084 -0.689507
0.0 0.0 0.0 1.0
234	234	235
0.9835887 0.0866316 -0.1582673 2.5885935
-0.0661092 0.9892252 0.1306262 -0.5999082
0.1678783 -0.1180195 0.9787177 -0.6982849
0.0 0.0 0.0 1.0
235	235	236
0.9829328 0.0892433 -0.1608686 2.606564
-0.0682934 0.9889793 0.1313614 -0.6003315
0.1708189 -0.1181332 0.978195 -0.7003292
0.0 0.0 0.0 1.0
236	236	237
0.9818275 0.0882512 -0.1680069 2.6339517
-0.0658894 0.9887456 0.1343159 -0.6056848
0.1779696 -0.1208052 0.9765925 -0.6950532
0.0 0.0 0.0 1.0
237	237	238
0.9813682 0.091556 -0.1689192 2.6479371
-0.0694722 0.9887705 0.1323121 -0.6003343
0.1791363 -0.1181117 0.9767087 -0.7001472
0.0 0.0 0.0 1.0
238	238	239
0.9804847 0.091364 -0.1740753 2.6699636
-0.0690203 0.9890623 0.1303536 -0.5930642
0.184081 -0.115795 0.9760665 -0.695424
0.0 0.0 0.0 1.0
239	239	240
0.980126 0.0940654 -0.1746562 2.6834257
-0.0713339 0.9886584 0.1321586 -0.5983816
0.1851069 -0.1170732 0.97572 -0.7041834
0.0 0.0 0.0 1.0
240	240	241
0.979619 0.0961797 -0.1763409 2.6981204
-0.0726809 0.9881496 0.1351951 -0.6057017
0.1872542 -0.1196231 0.9750006 -0.7046508
0.0 0.0 0.0 1.0
241	241	242
0.9784296 0.0976306 -0.1820546 2.7241125
-0.0734026 0.9880709 0.1353812 -0.6052025
0.1931001 -0.1190977 0.9739241 -0.7024558
0.0 0.0 0.0 1.0
242	242	243
0.9777296 0.098744 -0.1851877 2.7432323
-0.0737845 0.9877989 0.1371469 -0.6099349
0.1964706 -0.1204286 0.9730859 -0.7033398
0.0 0.0 0.0 1.0
243	243	244
0.9773232 0.099987 -0.1866605 2.7580779
-0.0749517 0.9877757 0.1366796 -0.6072125
0.1980448 -0.1195896 0.9728703 -0.7051787
0.0 0.0 0.0 1.0
244	244	245
0.976801 0.1022779 -0.1881465 2.7729068
-0.0771241 0.987636 0.1364812 -0.6079741
0.1997793 -0.1188043 0.9726118 -0.7093515
0.0 0.0 0.0 1.0
245	245	246
0.9757255 0.1023314 -0.1936184 2.7962916
-0.0759911 0.987386 0.1389032 -0.6121908
0.2053902 -0.1208181 0.971194 -0.7027564
0.0 0.0 0.0 1.0
246	246	247
0.9753388 0.1030286 -0.19519 2.8127437
-0.0770287 0.9876522 0.1364174 -0.6060381
0.2068348 -0.1180179 0.9712318 -0.7069536
0.0 0.0 0.0 1.0
247	247	248
0.9747705 0.1050415 -0.1969485 2.8252244
-0.0790132 0.987599 0.1356657 -0.6020731
0.2087566 -0.1166814 0.970982 -0.7007647
0.0 0.0 0.0 1.0
248	248	249
0.9746158 0.1066378 -0.1968565 2.8357208
-0.079794 0.9869874 0.1396023 -0.6157243
0.2091817 -0.1203507 0.9704427 -0.7085551
0.0 0.0 0.0 1.0
249	249	250
0.9743556 0.1067933 -0.1980569 2.8492641
-0.0801022 0.987158 0.1382119 -0.6101618
0.2102736 -0.1188027 0.9703973 -0.7077693
0.0 0.0 0.0 1.0
250	250	251
0.9736314 0.107752 -0.2010757 2.8696182
-0.0804225 0.9869548 0.1394724 -0.614026
0.2134811 -0.1196237 0.9695958 -0.7085609
0.0 0.0 0.0 1.0
251	251	252
0.9726036 0.107568 -0.2060858 2.8923969
-0.0799407 0.9872003 0.1380036 -0.6085643
0.2182928 -0.1177482 0.9687537 -0.7027948
0.0 0.0 0.0 1.0
252	252	253
0.9719993 0.1076171 -0.2088916 2.9087665
-0.0800847 0.9874564 0.1360747 -0.6030316
0.2209153 -0.1155355 0.9684255 -0.6974636
0.0 0.0 0.0 1.0
253	253	254
0.9719828 0.1082952 -0.208619 2.9200027
-0.0803401 0.9871515 0.1381206 -0.6092897
0.2208963 -0.1174904 0.9681947 -0.7020747
0.0 0.0 0.0 1.0
254	254	255
0.9712129 0.1086864 -0.2119732 2.939887
-0.0811897 0.9875976 0.1343846 -0.600378
0.2239501 -0.113306 0.9679918 -0.7013465
0.0 0.0 0.0 1.0
255	255	256
0.9715948 0.1122662 -0.2083262 2.9439301
-0.0842176 0.9867105 0.1389592 -0.6160152
0.2211581 -0.1174674 0.9681377 -0.7124231
0.0 0.0 0.0 1.0
256	256	257
0.9704565 0.110956 -0.2142506 2.9696224
-0.083173 0.9874007 0.1346192 -0.6036744
0.2264879 -0.1128222 0.9674578 -0.7047271
0.0 0.0 0.0 1.0
257	257	258
0.9711866 0.1105082 -0.2111511 2.9696608
-0.0844596 0.9880862 0.128655 -0.5875518
0.2228529 -0.1071142 0.9689496 -0.7038819
0.0 0.0 0.0 1.0
258	258	259
0.9697731 0.1081128 -0.2187506 3.0002911
-0.0801218 0.9878677 0.1330338 -0.597579
0.2304793 -0.1114859 0.9666697 -0.6953957
0.0 0.0 0.0 1.0
259	259	260
0.9700596 0.111141 -0.2159447 3.0039482
-0.082954 0.9872994 0.1354937 -0.6080141
0.228261 -0.1135235 0.9669589 -0.6980886
0.0 0.0 0.0 1.0
260	260	261
0.9703781 0.1119615 -0.2140818 3.0128932
-0.0841627 0.9872857 0.1348471 -0.6086909
0.2264575 -0.112835 0.9674634 -0.706019
0.0 0.0 0.0 1.0
261	261	262
0.9701181 0.1106151 -0.2159521 3.0257516
-0.0838921 0.9880586 0.1292367 -0.5935465
0.2276689 -0.1072582 0.9678133 -0.6970893
0.0 0.0 0.0 1.0
262	262	263
0.9699809 0.1112709 -0.2162307 3.0371425
-0.0853479 0.9883831 0.1257567 -0.5849006
0.2277118 -0.1035267 0.9682095 -0.6960608
0.0 0.0 0.0 1.0
263	263	264
0.9701964 0.1112391 -0.2152793 3.0463746
-0.0853827 0.9883603 0.1259125 -0.5887341
0.2267798 -0.1037787 0.9684013 -0.6985878
0.0 0.0 0.0 1.0
264	264	265
0.9698491 0.1080279 -0.2184552 3.0650182
-0.0814932 0.9885433 0.1270473 -0.5915989
0.229677 -0.1054141 0.9675415 -0.6927453
0.0 0.0 0.0 1.0
265	265	266
0.9710822 0.1098089 -0.2119945 3.0626163
-0.0840107 0.9883251 0.1271053 -0.5974907
0.2234767 -0.1056199 0.9689699 -0.7055236
0.0 0.0 0.0 1.0
266	266	267
