0	0	1
1.0000000000	0.0000000000	0.0000000000	1.5000000000
0.0000000000	1.0000000000	0.0000000000	1.5000000000
0.0000000000	0.0000000000	1.0000000000	-0.3000000000
0.0000000000	0.0000000000	0.0000000000	1.0000000000
1	1	2
0.9999660000	-0.0027279300	0.0078610400	1.5098800000
0.0027463000	0.9999940000	-0.0023268500	1.4881400000
-0.0078546500	0.0023483500	0.9999670000	-0.3039740000
0.0000000000	0.0000000000	0.0000000000	1.0000000000
2	2	3
0.9998670000	-0.0053532800	0.0154467000	1.5213000000
0.0054298800	0.9999730000	-0.0049209900	1.4770000000
-0.0154199000	0.0050042100	0.9998690000	-0.3081930000
0.0000000000	0.0000000000	0.0000000000	1.0000000000
3	3	4
0.9997150000	-0.0076934100	0.0226069000	1.5342400000
0.0078689500	0.9999400000	-0.0076863300	1.4664400000
-0.0225464000	0.0078620300	0.9997150000	-0.3126680000
0.0000000000	0.0000000000	0.0000000000	1.0000000000
4	4	5
0.9995150000	-0.0099543100	0.0295255000	1.5482000000
0.0102793000	0.9998880000	-0.0108758000	1.4567500000
-0.0294140000	0.0111740000	0.9995050000	-0.3171470000
0.0000000000	0.0000000000	0.0000000000	1.0000000000
5	5	6
0.9992640000	-0.0119950000	0.0364421000	1.5626300000
0.0125165000	0.9998220000	-0.0141147000	1.4472900000
-0.0362663000	0.0145604000	0.9992370000	-0.3215760000
0.0000000000	0.0000000000	0.0000000000	1.0000000000
6	6	7
0.9989570000	-0.0140436000	0.0434655000	1.5771700000
0.0148163000	0.9997370000	-0.0175075000	1.4381600000
-0.0432082000	0.0181332000	0.9989020000	-0.3259080000
0.0000000000	0.0000000000	0.0000000000	1.0000000000
7	7	8
0.9985970000	-0.0159463000	0.0504990000	1.5917100000
0.0170233000	0.9996360000	-0.0209691000	1.4291100000
-0.0501462000	0.0217993000	0.9985050000	-0.3301370000
0.0000000000	0.0000000000	0.0000000000	1.0000000000
8	8	9
0.9981790000	-0.0177494000	0.0576639000	1.6058600000
0.0191824000	0.9995190000	-0.0243923000	1.4200900000
-0.0572032000	0.0254540000	0.9980390000	-0.3342980000
0.0000000000	0.0000000000	0.0000000000	1.0000000000
9	9	10
0.9976680000	-0.0195694000	0.0654126000	1.6186400000
0.0214186000	0.9993880000	-0.0276895000	1.4106900000
-0.0648307000	0.0290259000	0.9974750000	-0.3382570000
0.0000000000	0.0000000000	0.0000000000	1.0000000000
10	10	11
0.9970680000	-0.0214238000	0.0734722000	1.6304700000
0.0237295000	0.9992490000	-0.0306548000	1.4006300000
-0.0727603000	0.0323084000	0.9968270000	-0.3422210000
0.0000000000	0.0000000000	0.0000000000	1.0000000000
11	11	12
0.9963970000	-0.0234192000	0.0815294000	1.6416800000
0.0261982000	0.9991070000	-0.0331839000	1.3896600000
-0.0806794000	0.0352003000	0.9961190000	-0.3463050000
0.0000000000	0.0000000000	0.0000000000	1.0000000000
12	12	13
0.9956460000	-0.0251198000	0.0897875000	1.6510600000
0.0284030000	0.9989680000	-0.0354779000	1.3783500000
-0.0888036000	0.0378736000	0.9953300000	-0.3503330000
0.0000000000	0.0000000000	0.0000000000	1.0000000000
13	13	14
0.9948100000	-0.0270891000	0.0980943000	1.6593000000
0.0308786000	0.9988270000	-0.0373216000	1.3662500000
-0.0969682000	0.0401569000	0.9944780000	-0.3547380000
0.0000000000	0.0000000000	0.0000000000	1.0000000000
14	14	15
0.9938840000	-0.0295168000	0.1064310000	1.6659400000
0.0338210000	0.9986730000	-0.0388654000	1.3535200000
-0.1051420000	0.0422272000	0.9935610000	-0.3590460000
0.0000000000	0.0000000000	0.0000000000	1.0000000000
15	15	16
0.9928940000	-0.0318014000	0.1146960000	1.6713300000
0.0365303000	0.9985590000	-0.0393667000	1.3388600000
-0.1132790000	0.0432768000	0.9926210000	-0.3637480000
0.0000000000	0.0000000000	0.0000000000	1.0000000000
16	16	17
0.9917160000	-0.0345035000	0.1237490000	1.6730900000
0.0396349000	0.9984450000	-0.0392468000	1.3229400000
-0.1222020000	0.0438264000	0.9915380000	-0.3684820000
0.0000000000	0.0000000000	0.0000000000	1.0000000000
17	17	18
0.9904960000	-0.0373693000	0.1323830000	1.6735400000
0.0428093000	0.9983440000	-0.0384868000	1.3058300000
-0.1307250000	0.0437882000	0.9904520000	-0.3736300000
0.0000000000	0.0000000000	0.0000000000	1.0000000000
18	18	19
0.9890770000	-0.0404280000	0.1417640000	1.6705400000
0.0460900000	0.9982580000	-0.0368856000	1.2872700000
-0.1400260000	0.0430166000	0.9892140000	-0.3788440000
0.0000000000	0.0000000000	0.0000000000	1.0000000000
19	19	20
0.9875780000	-0.0431198000	0.1511120000	1.6647900000
0.0488899000	0.9982040000	-0.0346777000	1.2674400000
-0.1493450000	0.0416347000	0.9879100000	-0.3843410000
0.0000000000	0.0000000000	0.0000000000	1.0000000000
20	20	21
0.9872540000	-0.0441510000	0.1529230000	1.6632900000
0.0499072000	0.9981770000	-0.0340078000	1.2633800000
-0.1511420000	0.0412063000	0.9876540000	-0.3854180000
0.0000000000	0.0000000000	0.0000000000	1.0000000000
21	21	22
0.9864850000	-0.0456814000	0.1573720000	1.6591000000
0.0514096000	0.9981510000	-0.0325203000	1.2533500000
-0.1555960000	0.0401713000	0.9870050000	-0.3879970000
0.0000000000	0.0000000000	0.0000000000	1.0000000000
22	22	23
0.9856890000	-0.0474267000	0.1617790000	1.6537900000
0.0531123000	0.9981100000	-0.0310002000	1.2430100000
-0.1600030000	0.0391490000	0.9863410000	-0.3902950000
0.0000000000	0.0000000000	0.0000000000	1.0000000000
23	23	24
0.9848240000	-0.0492442000	0.1664400000	1.6471800000
0.0547994000	0.9980800000	-0.0289482000	1.2313300000
-0.1646950000	0.0376297000	0.9856280000	-0.3926350000
0.0000000000	0.0000000000	0.0000000000	1.0000000000
24	24	25
0.9839010000	-0.0511549000	0.1712520000	1.6398400000
0.0565606000	0.9980410000	-0.0268339000	1.2194200000
-0.1695440000	0.0360880000	0.9848630000	-0.3950180000
0.0000000000	0.0000000000	0.0000000000	1.0000000000
25	25	26
0.9828550000	-0.0533257000	0.1765170000	1.6308700000
0.0585824000	0.9979800000	-0.0247004000	1.2072400000
-0.1748430000	0.0346177000	0.9839890000	-0.3971570000
0.0000000000	0.0000000000	0.0000000000	1.0000000000
26	26	27
0.9817260000	-0.0558172000	0.1819420000	1.6206800000
0.0608835000	0.9978970000	-0.0223761000	1.1942900000
-0.1803100000	0.0330445000	0.9830560000	-0.3992280000
0.0000000000	0.0000000000	0.0000000000	1.0000000000
27	27	28
0.9806130000	-0.0582825000	0.1871020000	1.6102900000
0.0630853000	0.9978140000	-0.0198137000	1.1807900000
-0.1855380000	0.0312330000	0.9821420000	-0.4013780000
0.0000000000	0.0000000000	0.0000000000	1.0000000000
28	28	29
0.9794890000	-0.0605141000	0.1922120000	1.5992600000
0.0649490000	0.9977490000	-0.0168507000	1.1663800000
-0.1907590000	0.0289891000	0.9812110000	-0.4036700000
0.0000000000	0.0000000000	0.0000000000	1.0000000000
29	29	30
0.9783030000	-0.0627463000	0.1974610000	1.5871000000
0.0667640000	0.9976770000	-0.0137490000	1.1516200000
-0.1961390000	0.0266340000	0.9802160000	-0.4058590000
0.0000000000	0.0000000000	0.0000000000	1.0000000000
30	30	31
0.9770260000	-0.0650177000	0.2029740000	1.5738300000
0.0685993000	0.9975900000	-0.0106531000	1.1368100000
-0.2017920000	0.0243323000	0.9791280000	-0.4079840000
0.0000000000	0.0000000000	0.0000000000	1.0000000000
31	31	32
0.9757010000	-0.0673991000	0.2084940000	1.5602800000
0.0704909000	0.9974880000	-0.0074264300	1.1216300000
-0.2074690000	0.0219429000	0.9779970000	-0.4100430000
0.0000000000	0.0000000000	0.0000000000	1.0000000000
32	32	33
0.9742770000	-0.0698967000	0.2142540000	1.5460300000
0.0724566000	0.9973660000	-0.0041084700	1.1061600000
-0.2134020000	0.0195270000	0.9767710000	-0.4121160000
0.0000000000	0.0000000000	0.0000000000	1.0000000000
33	33	34
0.9727960000	-0.0724946000	0.2200380000	1.5316300000
0.0744920000	0.9972240000	-0.0007826860	1.0905900000
-0.2193700000	0.0171525000	0.9754920000	-0.4141460000
0.0000000000	0.0000000000	0.0000000000	1.0000000000
34	34	35
0.9712860000	-0.0749882000	0.2257980000	1.5167300000
0.0763658000	0.9970790000	0.0026397900	1.0749100000
-0.2253360000	0.0146793000	0.9741720000	-0.4163060000
0.0000000000	0.0000000000	0.0000000000	1.0000000000
35	35	36
0.9697050000	-0.0775802000	0.2316430000	1.5013300000
0.0783242000	0.9969130000	0.0059974700	1.0593900000
-0.2313930000	0.0123276000	0.9727840000	-0.4184860000
0.0000000000	0.0000000000	0.0000000000	1.0000000000
36	36	37
0.9680940000	-0.0802648000	0.2373940000	1.4858200000
0.0803515000	0.9967260000	0.0093268100	1.0440600000
-0.2373650000	0.0100459000	0.9713700000	-0.4207930000
0.0000000000	0.0000000000	0.0000000000	1.0000000000
37	37	38
0.9664190000	-0.0830711000	0.2431840000	1.4699900000
0.0823786000	0.9965190000	0.0130340000	1.0281400000
-0.2434200000	0.0074369800	0.9698940000	-0.4230450000
0.0000000000	0.0000000000	0.0000000000	1.0000000000
38	38	39
0.9647520000	-0.0862497000	0.2486370000	1.4545900000
0.0847102000	0.9962650000	0.0169052000	1.0118200000
-0.2491660000	0.0047529000	0.9684510000	-0.4255620000
0.0000000000	0.0000000000	0.0000000000	1.0000000000
39	39	40
0.9630540000	-0.0894343000	0.2540380000	1.4392200000
0.0869473000	0.9959940000	0.0210251000	0.9950750000
-0.2549000000	0.0018397100	0.9669680000	-0.4280820000
0.0000000000	0.0000000000	0.0000000000	1.0000000000
40	40	41
0.9613430000	-0.0927013000	0.2592900000	1.4239700000
0.0891812000	0.9956960000	0.0253332000	0.9780950000
-0.2605220000	-0.0012299000	0.9654690000	-0.4307740000
0.0000000000	0.0000000000	0.0000000000	1.0000000000
41	41	42
0.9596080000	-0.0959563000	0.2644820000	1.4088000000
0.0913372000	0.9953790000	0.0297371000	0.9610260000
-0.2661120000	-0.0043788000	0.9639340000	-0.4335130000
0.0000000000	0.0000000000	0.0000000000	1.0000000000
42	42	43
0.9578970000	-0.0992173000	0.2694350000	1.3941900000
0.0934363000	0.9950400000	0.0342305000	0.9439980000
-0.2714940000	-0.0076141400	0.9624120000	-0.4363940000
0.0000000000	0.0000000000	0.0000000000	1.0000000000
43	43	44
0.9561760000	-0.1024470000	0.2742950000	1.3797700000
0.0954956000	0.9946840000	0.0386152000	0.9273960000
-0.2767920000	-0.0107287000	0.9608720000	-0.4393170000
0.0000000000	0.0000000000	0.0000000000	1.0000000000
44	44	45
0.9544500000	-0.1055860000	0.2790750000	1.3654800000
0.0973902000	0.9943150000	0.0431127000	0.9107640000
-0.2820400000	-0.0139695000	0.9593030000	-0.4423510000
0.0000000000	0.0000000000	0.0000000000	1.0000000000
45	45	46
0.9527400000	-0.1086620000	0.2837010000	1.3516100000
0.0992110000	0.9939350000	0.0475173000	0.8946290000
-0.2871430000	-0.0171251000	0.9577370000	-0.4454430000
0.0000000000	0.0000000000	0.0000000000	1.0000000000
46	46	47
0.9510600000	-0.1117840000	0.2880900000	1.3383600000
0.1010260000	0.9935280000	0.0519941000	0.8785850000
-0.2920370000	-0.0203448000	0.9561930000	-0.4486920000
0.0000000000	0.0000000000	0.0000000000	1.0000000000
47	47	48
0.9493820000	-0.1149210000	0.2923580000	1.3254200000
0.1028410000	0.9931010000	0.0564115000	0.8629120000
-0.2968230000	-0.0234893000	0.9546460000	-0.4519730000
0.0000000000	0.0000000000	0.0000000000	1.0000000000
48	48	49
0.9477720000	-0.1179890000	0.2963330000	1.3132900000
0.1046270000	0.9926670000	0.0606130000	0.8478120000
-0.3013110000	-0.0264427000	0.9531620000	-0.4554780000
0.0000000000	0.0000000000	0.0000000000	1.0000000000
49	49	50
0.9461620000	-0.1211600000	0.3001760000	1.3018600000
0.1064940000	0.9922030000	0.0648122000	0.8328780000
-0.3056870000	-0.0293557000	0.9516820000	-0.4592110000
0.0000000000	0.0000000000	0.0000000000	1.0000000000
50	50	51
0.9440520000	-0.1224220000	0.3062330000	1.2872161000
0.1068010000	0.9919980000	0.0673238000	0.8206423600
-0.3120250000	-0.0308511000	0.9495730000	-0.4621510500
0.0000000000	0.0000000000	0.0000000000	1.0000000000
51	51	52
0.9425872598	-0.1249254060	0.3097135122	1.2769460334
0.1079761210	0.9915889292	0.0713494088	0.8070714337
-0.3160223987	-0.0338112977	0.9481493407	-0.4662047850
0.0000000000	0.0000000000	0.0000000000	1.0000000000
52	52	53
0.9412036018	-0.1274789852	0.3128668990	1.2679272189
0.1091937273	0.9911596458	0.0753627640	0.7935447452
-0.3197086578	-0.0367685303	0.9468025598	-0.4705598696
0.0000000000	0.0000000000	0.0000000000	1.0000000000
53	53	54
0.9398694004	-0.1303007884	0.3157030845	1.2604189710
0.1107467940	0.9906882648	0.0791889096	0.7804914932
-0.3230823867	-0.0394639997	0.9455481798	-0.4750860410
0.0000000000	0.0000000000	0.0000000000	1.0000000000
54	54	55
0.9384424677	-0.1331179767	0.3187564202	1.2531019220
0.1122951935	0.9902085916	0.0829224757	0.7679532339
-0.3266741803	-0.0420230340	0.9442029527	-0.4793702329
0.0000000000	0.0000000000	0.0000000000	1.0000000000
55	55	56
0.9371672882	-0.1357995415	0.3213659175	1.2476528020
0.1136841385	0.9897262196	0.0867027765	0.7558705804
-0.3298389786	-0.0447208157	0.9429775393	-0.4838720966
0.0000000000	0.0000000000	0.0000000000	1.0000000000
56	56	57
0.9359512723	-0.1381202367	0.3239118832	1.2430517158
0.1146312796	0.9892683805	0.0906065020	0.7440813161
-0.3329503570	-0.0476727769	0.9417396424	-0.4884639463
0.0000000000	0.0000000000	0.0000000000	1.0000000000
57	57	58
0.9349061104	-0.1400680766	0.3260878911	1.2398686860
0.1151948376	0.9888400709	0.0944796522	0.7329641590
-0.3356825091	-0.0507658214	0.9406074266	-0.4932785331
0.0000000000	0.0000000000	0.0000000000	1.0000000000
58	58	59
0.9340006765	-0.1419544067	0.3278623058	1.2381950255
0.1158583118	0.9884287251	0.0979077442	0.7229907569
-0.3379673191	-0.0534602428	0.9396394365	-0.4984229746
0.0000000000	0.0000000000	0.0000000000	1.0000000000
59	59	60
0.9332168036	-0.1438355860	0.3292726933	1.2379336079
0.1165555468	0.9880102885	0.1012521089	0.7136229048
-0.3398888067	-0.0561113815	0.9387916205	-0.5036382310
0.0000000000	0.0000000000	0.0000000000	1.0000000000
60	60	61
0.9326688227	-0.1456073335	0.3300458498	1.2397349847
0.1171061770	0.9875789332	0.1047656887	0.7044878034
-0.3412012499	-0.0590611197	0.9381341525	-0.5092308846
0.0000000000	0.0000000000	0.0000000000	1.0000000000
61	61	62
0.9322332718	-0.1470445578	0.3306370553	1.2429343424
0.1174024535	0.9871929129	0.1080183848	0.6964605428
-0.3422862285	-0.0618805828	0.9375570186	-0.5148937723
0.0000000000	0.0000000000	0.0000000000	1.0000000000
62	62	63
0.9318114987	-0.1484838919	0.3311836226	1.2477080586
0.1177383392	0.9868040730	0.1111608571	0.6890533162
-0.3433191689	-0.0645878524	0.9369968295	-0.5208050497
0.0000000000	0.0000000000	0.0000000000	1.0000000000
63	63	64
0.9314146663	-0.1502825494	0.3314866363	1.2545252236
0.1185330218	0.9863708307	0.1141247605	0.6824899641
-0.3441196106	-0.0670052799	0.9365331114	-0.5268148820
0.0000000000	0.0000000000	0.0000000000	1.0000000000
64	64	65
0.9313315139	-0.1506315380	0.3315627752	1.2559088979
0.1184685752	0.9862435344	0.1152895790	0.6805828250
-0.3443676138	-0.0680928826	0.9363638392	-0.5281526745
0.0000000000	0.0000000000	0.0000000000	1.0000000000
65	65	66
0.9311165798	-0.1521270096	0.3314848262	1.2612379718
0.1193740823	0.9859151582	0.1171488319	0.6768488856
-0.3446374638	-0.0695083918	0.9361602726	-0.5319275900
0.0000000000	0.0000000000	0.0000000000	1.0000000000
66	66	67
0.9309574848	-0.1532704778	0.3314051880	1.2667412630
0.1199739705	0.9856412614	0.1188247564	0.6740348926
-0.3448590019	-0.0708606758	0.9359776202	-0.5356617349
0.0000000000	0.0000000000	0.0000000000	1.0000000000
67	67	68
0.9309086875	-0.1543045735	0.3310617393	1.2729972362
0.1204446717	0.9853694088	0.1205935167	0.6712426281
-0.3448262988	-0.0723867548	0.9358724106	-0.5397391492
0.0000000000	0.0000000000	0.0000000000	1.0000000000
68	68	69
0.9309166423	-0.1551072444	0.3306633458	1.2796791267
0.1206937104	0.9851268471	0.1223130761	0.6687462257
-0.3447169888	-0.0739541598	0.9357905150	-0.5437727002
0.0000000000	0.0000000000	0.0000000000	1.0000000000
69	69	70
0.9309995839	-0.1557791457	0.3301142822	1.2869002706
0.1208969883	0.9849143869	0.1238177951	0.6667919694
-0.3444221035	-0.0753643073	0.9357871852	-0.5480723042
0.0000000000	0.0000000000	0.0000000000	1.0000000000
70	70	71
0.9311461559	-0.1562923275	0.3294590899	1.2944887871
0.1209585733	0.9847216598	0.1252792911	0.6650993189
-0.3440056335	-0.0768021869	0.9358232523	-0.5525489500
0.0000000000	0.0000000000	0.0000000000	1.0000000000
71	71	72
0.9313616277	-0.1566253757	0.3286890265	1.3026213436
0.1208379492	0.9845483048	0.1267501216	0.6635625656
-0.3434622985	-0.0783319680	0.9358957030	-0.5570888861
0.0000000000	0.0000000000	0.0000000000	1.0000000000
72	72	73
0.9316736160	-0.1568977650	0.3276741834	1.3115416500
0.1206719184	0.9843762005	0.1282357043	0.6621846865
-0.3426745373	-0.0799325810	0.9360492076	-0.5619151944
0.0000000000	0.0000000000	0.0000000000	1.0000000000
73	73	74
0.9320262788	-0.1570133167	0.3266137350	1.3207055889
0.1203998999	0.9842342553	0.1295773483	0.6612051281
-0.3418096050	-0.0814451115	0.9362349965	-0.5668935974
0.0000000000	0.0000000000	0.0000000000	1.0000000000
74	74	75
0.9324105894	-0.1570578244	0.3254952658	1.3302504802
0.1200348872	0.9840905810	0.1309930018	0.6603555726
-0.3408903651	-0.0830682598	0.9364279310	-0.5717966112
0.0000000000	0.0000000000	0.0000000000	1.0000000000
75	75	76
0.9328848194	-0.1571175227	0.3241045691	1.3406073124
0.1197498674	0.9839492620	0.1323120680	0.6597864345
-0.3396909168	-0.0846202252	0.9367249837	-0.5770634963
0.0000000000	0.0000000000	0.0000000000	1.0000000000
76	76	77
0.9333374194	-0.1569795189	0.3228683546	1.3508944061
0.1192547793	0.9838346370	0.1336061013	0.6594943121
-0.3386224048	-0.0861956119	0.9369687258	-0.5822222206
0.0000000000	0.0000000000	0.0000000000	1.0000000000
77	77	78
0.9338641554	-0.1568217345	0.3214163516	1.3619369608
0.1187832274	0.9837221329	0.1348461806	0.6595505809
-0.3373311479	-0.0877488836	0.9372900966	-0.5876039950
0.0000000000	0.0000000000	0.0000000000	1.0000000000
78	78	79
0.9343482389	-0.1566617733	0.3200867451	1.3730417918
0.1183469223	0.9836216120	0.1359599894	0.6599772747
-0.3361440550	-0.0891523757	0.9375841067	-0.5929910450
0.0000000000	0.0000000000	0.0000000000	1.0000000000
79	79	80
0.9349152024	-0.1563894398	0.3185608551	1.3847641885
0.1178060636	0.9835280289	0.1371009145	0.6605241918
-0.3347548098	-0.0906490457	0.9379373887	-0.5985836749
0.0000000000	0.0000000000	0.0000000000	1.0000000000
80	80	81
0.9355166877	-0.1559829498	0.3169893247	1.3968800368
0.1171450229	0.9834524875	0.1382088821	0.6612885096
-0.3333022526	-0.0921627738	0.9383066732	-0.6042575247
0.0000000000	0.0000000000	0.0000000000	1.0000000000
81	81	82
0.9361406046	-0.1555222862	0.3153695160	1.4093618335
0.1164578356	0.9833858552	0.1392578417	0.6623365132
-0.3317875716	-0.0936374206	0.9386978170	-0.6100410706
0.0000000000	0.0000000000	0.0000000000	1.0000000000
82	82	83
0.9368081398	-0.1547744304	0.3137530172	1.4219957068
0.1154823089	0.9833554560	0.1402818635	0.6636015836
-0.3302428196	-0.0951838757	0.9390875552	-0.6159311746
0.0000000000	0.0000000000	0.0000000000	1.0000000000
83	83	84
0.9375155023	-0.1539949096	0.3120189167	1.4350768689
0.1144863746	0.9833238021	0.1413191732	0.6649929921
-0.3285781426	-0.0967666761	0.9395090119	-0.6218028286
0.0000000000	0.0000000000	0.0000000000	1.0000000000
84	84	85
0.9382280702	-0.1530451477	0.3103390246	1.4482306623
0.1133741606	0.9833285928	0.1421769611	0.6668315629
-0.3269246977	-0.0982097158	0.9399362455	-0.6278465039
0.0000000000	0.0000000000	0.0000000000	1.0000000000
85	85	86
0.9389540701	-0.1519574292	0.3086744213	1.4614605041
0.1121364623	0.9833526264	0.1429892038	0.6689213170
-0.3252639498	-0.0996462709	0.9403617777	-0.6338946013
0.0000000000	0.0000000000	0.0000000000	1.0000000000
86	86	87
0.9397188085	-0.1508358024	0.3068933870	1.4751165416
0.1108562295	0.9833687638	0.1438739478	0.6709096188
-0.3234909402	-0.1011795560	0.9408091871	-0.6400339873
0.0000000000	0.0000000000	0.0000000000	1.0000000000
87	87	88
0.9405412017	-0.1497266432	0.3049106005	1.4894005083
0.1096081590	0.9833749563	0.1447860970	0.6729439465
-0.3215196638	-0.1027562423	0.9413144522	-0.6462127506
0.0000000000	0.0000000000	0.0000000000	1.0000000000
88	88	89
0.9413206057	-0.1485441245	0.3030782204	1.5033313599
0.1083114321	0.9834009856	0.1455831235	0.6753160384
-0.3196726743	-0.1042130858	0.9417835864	-0.6524469113
0.0000000000	0.0000000000	0.0000000000	1.0000000000
89	89	90
0.9422110816	-0.1473104825	0.3009069589	1.5182519891
0.1070096513	0.9834269981	0.1463702149	0.6778213323
-0.3174817446	-0.1057112685	0.9423574473	-0.6589739096
0.0000000000	0.0000000000	0.0000000000	1.0000000000
90	90	91
0.9430602126	-0.1459837889	0.2988850834	1.5328560817
0.1055693087	0.9834512895	0.1472476435	0.6802331779
-0.3154344903	-0.1073098959	0.9428640897	-0.6653047930
0.0000000000	0.0000000000	0.0000000000	1.0000000000
91	91	92
0.9439172718	-0.1446736898	0.2968102749	1.5477500757
0.1041578808	0.9834695854	0.1481288455	0.6826979044
-0.3133341222	-0.1089058007	0.9433812167	-0.6717339707
0.0000000000	0.0000000000	0.0000000000	1.0000000000
92	92	93
0.9448068935	-0.1433292554	0.2946259885	1.5628864097
0.1027303896	0.9834865338	0.1490112463	0.6852090854
-0.3111182983	-0.1105192121	0.9439272462	-0.6782793482
0.0000000000	0.0000000000	0.0000000000	1.0000000000
93	93	94
0.9457218342	-0.1419195281	0.2923634072	1.5783877889
0.1013010571	0.9835238208	0.1497420220	0.6882279142
-0.3087976562	-0.1119970511	0.9445145411	-0.6848604952
0.0000000000	0.0000000000	0.0000000000	1.0000000000
94	94	95
0.9466440536	-0.1404741572	0.2900665345	1.5941096167
0.0998192815	0.9835515825	0.1505536888	0.6911446150
-0.3064440986	-0.1135660617	0.9450934694	-0.6913864943
0.0000000000	0.0000000000	0.0000000000	1.0000000000
95	95	96
0.9475503008	-0.1389936611	0.2878120691	1.6096816795
0.0983229098	0.9835867583	0.1513033648	0.6942636332
-0.3041182230	-0.1150684693	0.9456631165	-0.6979438314
0.0000000000	0.0000000000	0.0000000000	1.0000000000
96	96	97
0.9484667255	-0.1374970795	0.2855039685	1.6255162787
0.0968033536	0.9836127601	0.1521152476	0.6972195745
-0.3017406462	-0.1166379684	0.9462319601	-0.7046279818
0.0000000000	0.0000000000	0.0000000000	1.0000000000
97	97	98
0.9493949814	-0.1359413042	0.2831541975	1.6415694668
0.0952787858	0.9836571497	0.1527891037	0.7006467068
-0.2992969403	-0.1180780041	0.9468292937	-0.7112907138
0.0000000000	0.0000000000	0.0000000000	1.0000000000
98	98	99
0.9503395071	-0.1343818284	0.2807217195	1.6577401075
0.0937456584	0.9836886061	0.1535337139	0.7038613956
-0.2967748898	-0.1195920336	0.9474335400	-0.7181194839
0.0000000000	0.0000000000	0.0000000000	1.0000000000
99	99	100
0.9512287854	-0.1328862332	0.2784123396	1.6739170686
0.0922434770	0.9837006955	0.1543619984	0.7068675321
-0.2943869679	-0.1211511715	0.9479805712	-0.7248723199
0.0000000000	0.0000000000	0.0000000000	1.0000000000
100	100	101
0.9506750000	-0.1364690000	0.2785550000	1.6903055000
0.0947242000	0.9828480000	0.1582330000	0.7074704000
-0.2953720000	-0.1240430000	0.9472960000	-0.7310673000
0.0000000000	0.0000000000	0.0000000000	1.0000000000
101	101	102
0.9516660930	-0.1350543133	0.2758478124	1.7078886701
0.0934467174	0.9828745961	0.1588256020	0.7106366143
-0.2925748408	-0.1253725594	0.9479888494	-0.7388683456
0.0000000000	0.0000000000	0.0000000000	1.0000000000
102	102	103
0.9526490761	-0.1333236419	0.2732846895	1.7250127435
0.0919016242	0.9829625364	0.1591835541	0.7147251749
-0.2898523636	-0.1265314541	0.9486711420	-0.7461923090
0.0000000000	0.0000000000	0.0000000000	1.0000000000
103	103	104
0.9536708085	-0.1315168824	0.2705841122	1.7424653233
0.0902958330	0.9830497618	0.1595637667	0.7188790528
-0.2869840072	-0.1277394144	0.9493806344	-0.7535213845
0.0000000000	0.0000000000	0.0000000000	1.0000000000
104	104	105
0.9546799306	-0.1296587028	0.2679099641	1.7597594648
0.0886376321	0.9831381305	0.1599497149	0.7230610468
-0.2841324190	-0.1289545787	0.9500740077	-0.7607758423
0.0000000000	0.0000000000	0.0000000000	1.0000000000
105	105	106
0.9556887729	-0.1277762009	0.2652032240	1.7771366187
0.0869764616	0.9832300351	0.1602968650	0.7273756650
-0.2812386709	-0.1301281768	0.9507750005	-0.7679575765
0.0000000000	0.0000000000	0.0000000000	1.0000000000
106	106	107
0.9566632072	-0.1258844060	0.2625833432	1.7943773301
0.0852902312	0.9833163059	0.1606745450	0.7316399138
-0.2784298490	-0.1313163292	0.9514379628	-0.7749852119
0.0000000000	0.0000000000	0.0000000000	1.0000000000
107	107	108
0.9576537485	-0.1239531380	0.2598786097	1.8118424800
0.0835830140	0.9834018046	0.1610461932	0.7359733467
-0.2755285173	-0.1325056568	0.9521173832	-0.7821146804
0.0000000000	0.0000000000	0.0000000000	1.0000000000
108	108	109
0.9586427109	-0.1220039315	0.2571366979	1.8292911541
0.0818263343	0.9834649024	0.1615654688	0.7399540676
-0.2725973464	-0.1338438422	0.9527735760	-0.7890378770
0.0000000000	0.0000000000	0.0000000000	1.0000000000
109	109	110
0.9595926753	-0.1200920544	0.2544814195	1.8465846943
0.0801196702	0.9835295033	0.1620240489	0.7440194976
-0.2697485691	-0.1350887405	0.9534091542	-0.7959253829
0.0000000000	0.0000000000	0.0000000000	1.0000000000
110	110	111
0.9605364763	-0.1182539587	0.2517683852	1.8638943907
0.0784914072	0.9835788025	0.1625243157	0.7479378053
-0.2668538598	-0.1363495224	0.9540441961	-0.8027065025
0.0000000000	0.0000000000	0.0000000000	1.0000000000
111	111	112
0.9614835598	-0.1163435801	0.2490274480	1.8811401624
0.0767851624	0.9836218484	0.1630768664	0.7518225561
-0.2639228102	-0.1376748833	0.9546681532	-0.8096025636
0.0000000000	0.0000000000	0.0000000000	1.0000000000
112	112	113
0.9624053379	-0.1144161898	0.2463472102	1.8980358197
0.0750672993	0.9836674746	0.1636007851	0.7556776410
-0.2610430780	-0.1389582055	0.9552748215	-0.8163484915
0.0000000000	0.0000000000	0.0000000000	1.0000000000
113	113	114
0.9632910834	-0.1125983358	0.2437102494	1.9149705949
0.0734776737	0.9837113960	0.1640637321	0.7595823047
-0.2582144959	-0.1401345266	0.9558715592	-0.8229864716
0.0000000000	0.0000000000	0.0000000000	1.0000000000
114	114	115
0.9641842836	-0.1107143368	0.2410256942	1.9317302983
0.0718014296	0.9837374004	0.1646472005	0.7631690732
-0.2553355290	-0.1414449663	0.9564516042	-0.8296127669
0.0000000000	0.0000000000	0.0000000000	1.0000000000
115	115	116
0.9650347946	-0.1088407956	0.2384606745	1.9478659291
0.0701535511	0.9837772081	0.1651199848	0.7669681802
-0.2525645506	-0.1426184066	0.9570128764	-0.8360466830
0.0000000000	0.0000000000	0.0000000000	1.0000000000
116	116	117
0.9659031262	-0.1070111928	0.2357575557	1.9644769277
0.0686032753	0.9838244386	0.1654923161	0.7709313072
-0.2496541311	-0.1436766297	0.9576178133	-0.8425907758
0.0000000000	0.0000000000	0.0000000000	1.0000000000
117	117	118
0.9667215558	-0.1051101260	0.2332461173	1.9803110641
0.0669342030	0.9838621536	0.1659503703	0.7746954978
-0.2469254942	-0.1448163173	0.9581541782	-0.8488890342
0.0000000000	0.0000000000	0.0000000000	1.0000000000
118	118	119
0.9675172426	-0.1033633873	0.2307144901	1.9961328983
0.0654106517	0.9838733960	0.1664864490	0.7780535733
-0.2442030763	-0.1459879086	0.9586739460	-0.8550862809
0.0000000000	0.0000000000	0.0000000000	1.0000000000
119	119	120
0.9683039258	-0.1016804948	0.2281489104	2.0119994112
0.0639747466	0.9838859016	0.1669748552	0.7815297063
-0.2414510590	-0.1470873104	0.9592032157	-0.8612034324
0.0000000000	0.0000000000	0.0000000000	1.0000000000
120	120	121
0.9690388785	-0.1000039085	0.2257580523	2.0271868025
0.0625293909	0.9838995341	0.1674385824	0.7849317789
-0.2388685714	-0.1481385979	0.9596873413	-0.8671602409
0.0000000000	0.0000000000	0.0000000000	1.0000000000
121	121	122
0.9697943778	-0.0983571489	0.2232222804	2.0425870476
0.0611730280	0.9839272530	0.1677759675	0.7885449066
-0.2361372444	-0.1490535189	0.9602214600	-0.8732106715
0.0000000000	0.0000000000	0.0000000000	1.0000000000
122	122	123
0.9704949354	-0.0967794870	0.2208542248	2.0576234273
0.0598286552	0.9839279921	0.1682592955	0.7917002229
-0.2335890628	-0.1500820088	0.9606850501	-0.8790216858
0.0000000000	0.0000000000	0.0000000000	1.0000000000
123	123	124
0.9711479042	-0.0951764524	0.2186696558	2.0719557448
0.0584439526	0.9839352066	0.1687015723	0.7949062174
-0.2312137548	-0.1510548585	0.9611068205	-0.8845433483
0.0000000000	0.0000000000	0.0000000000	1.0000000000
124	124	125
0.9717944205	-0.0936883726	0.2164271301	2.0864394855
0.0571911207	0.9839346740	0.1691343092	0.7979583775
-0.2287966109	-0.1519868053	0.9615377261	-0.8899993903
0.0000000000	0.0000000000	0.0000000000	1.0000000000
125	125	126
0.9724190500	-0.0922701423	0.2142199861	2.1006890841
0.0560199320	0.9839365728	0.1695141419	0.8010223686
-0.2264203433	-0.1528387641	0.9619660090	-0.8954265612
0.0000000000	0.0000000000	0.0000000000	1.0000000000
126	126	127
0.9730011294	-0.0908821835	0.2121629723	2.1144781447
0.0548468407	0.9839285956	0.1699438327	0.8038866515
-0.2241985645	-0.1537195471	0.9623460398	-0.9006395580
0.0000000000	0.0000000000	0.0000000000	1.0000000000
127	127	128
0.9735814100	-0.0895457182	0.2100609327	2.1284420784
0.0537318323	0.9839127867	0.1703938013	0.8065758543
-0.2219402495	-0.1546057317	0.9627274784	-0.9058198389
0.0000000000	0.0000000000	0.0000000000	1.0000000000
128	128	129
0.9741503965	-0.0882561863	0.2079556331	2.1423597354
0.0526777414	0.9838989868	0.1708016703	0.8092637904
-0.2196818218	-0.1554324252	0.9631126853	-0.9108786254
0.0000000000	0.0000000000	0.0000000000	1.0000000000
129	129	130
0.9746972024	-0.0869789132	0.2059252239	2.1560701738
0.0516063641	0.9838680230	0.1713024655	0.8115937232
-0.2175037135	-0.1563413204	0.9634592926	-0.9158050666
0.0000000000	0.0000000000	0.0000000000	1.0000000000
130	130	131
0.9752183414	-0.0857959089	0.2039417174	2.1697008137
0.0506384895	0.9838410822	0.1717459859	0.8139574237
-0.2153817945	-0.1571629962	0.9638027307	-0.9205373918
0.0000000000	0.0000000000	0.0000000000	1.0000000000
131	131	132
0.9756974270	-0.0846959424	0.2021040470	2.1828950022
0.0497282271	0.9838065346	0.1722129222	0.8160765690
-0.2134173787	-0.1579777741	0.9641067632	-0.9251955344
0.0000000000	0.0000000000	0.0000000000	1.0000000000
132	132	133
0.9761804810	-0.0836732132	0.2001901245	2.1960426842
0.0488797476	0.9837418083	0.1728240481	0.8177616816
-0.2113966779	-0.1589225114	0.9643964653	-0.9295331506
0.0000000000	0.0000000000	0.0000000000	1.0000000000
133	133	134
0.9765809848	-0.0827312361	0.1986208216	2.2082593490
0.0481002966	0.9837067318	0.1732426562	0.8196279106
-0.2097177161	-0.1596321558	0.9646454906	-0.9338299331
0.0000000000	0.0000000000	0.0000000000	1.0000000000
134	134	135
0.9769849700	-0.0818911750	0.1969796406	2.2205131128
0.0473560974	0.9836022593	0.1740404221	0.8207197155
-0.2080027020	-0.1607069766	0.9648385951	-0.9376124033
0.0000000000	0.0000000000	0.0000000000	1.0000000000
135	135	136
0.9773588651	-0.0812318532	0.1953923213	2.2324286642
0.0468565265	0.9835417959	0.1745181013	0.8221900794
-0.2063534823	-0.1614116042	0.9650756616	-0.9416510657
0.0000000000	0.0000000000	0.0000000000	1.0000000000
136	136	137
0.9777100485	-0.0807346498	0.1938334666	2.2441308118
0.0464925275	0.9834535907	0.1751126173	0.8232982869
-0.2047643552	-0.1621979923	0.9652816750	-0.9453416316
0.0000000000	0.0000000000	0.0000000000	1.0000000000
137	137	138
0.9780537690	-0.0801866150	0.1923225902	2.2556928194
0.0460393960	0.9833406483	0.1758613805	0.8239945571
-0.2032210612	-0.1631476296	0.9654478151	-0.9488366734
0.0000000000	0.0000000000	0.0000000000	1.0000000000
138	138	139
0.9783523597	-0.0797021984	0.1910020079	2.2666019690
0.0456354067	0.9832383107	0.1765376259	0.8246077231
-0.2018715871	-0.1639996803	0.9655870019	-0.9521913079
0.0000000000	0.0000000000	0.0000000000	1.0000000000
139	139	140
0.9786457165	-0.0790465788	0.1897685656	2.2769412855
0.0450755389	0.9831676816	0.1770756255	0.8253111336
-0.2005720203	-0.1647404743	0.9657321022	-0.9552519996
0.0000000000	0.0000000000	0.0000000000	1.0000000000
140	140	141
0.9786315428	-0.0789947179	0.1898604929	2.2767197977
0.0450339801	0.9831924042	0.1769488792	0.8256906783
-0.2006478951	-0.1646177651	0.9657367984	-0.9550644763
0.0000000000	0.0000000000	0.0000000000	1.0000000000
141	141	142
0.9794199771	-0.0761107043	0.1869512876	2.2990539139
0.0425463008	0.9832236434	0.1773902367	0.8270749518
-0.1973168205	-0.1657857235	0.9662229596	-0.9616541156
0.0000000000	0.0000000000	0.0000000000	1.0000000000
142	142	143
0.9800068356	-0.0740271783	0.1847008633	2.3187314890
0.0408787525	0.9833260604	0.1772150102	0.8293032150
-0.1947405498	-0.1661217158	0.9666880682	-0.9671792008
0.0000000000	0.0000000000	0.0000000000	1.0000000000
143	143	144
0.9805301071	-0.0717352557	0.1828170759	2.3371002306
0.0390876038	0.9835639816	0.1762964275	0.8323770003
-0.1924593609	-0.1657181197	0.9672149266	-0.9721429055
0.0000000000	0.0000000000	0.0000000000	1.0000000000
144	144	145
0.9810418174	-0.0694666959	0.1809392785	2.3549751030
0.0373790223	0.9838515141	0.1750583525	0.8351895075
-0.1901787469	-0.1649763423	0.9677923350	-0.9763762012
0.0000000000	0.0000000000	0.0000000000	1.0000000000
145	145	146
0.9814254722	-0.0677088809	0.1795207338	2.3693750180
0.0361008692	0.9841198616	0.1738162450	0.8375227953
-0.1884397143	-0.1641068259	0.9682807644	-0.9794548435
0.0000000000	0.0000000000	0.0000000000	1.0000000000
146	146	147
0.9818421301	-0.0659243050	0.1778998618	2.3829481771
0.0348213787	0.9843793419	0.1726013046	0.8394175675
-0.1865000913	-0.1632725162	0.9687967044	-0.9817125321
0.0000000000	0.0000000000	0.0000000000	1.0000000000
147	147	148
0.9821655108	-0.0646921681	0.1765619055	2.3952893983
0.0340610807	0.9846342545	0.1712981044	0.8412633247
-0.1849311771	-0.1622293934	0.9692726969	-0.9832450835
0.0000000000	0.0000000000	0.0000000000	1.0000000000
148	148	149
0.9824647909	-0.0635427758	0.1753075971	2.4073923678
0.0333143444	0.9848381703	0.1702688152	0.8422632715
-0.1834693389	-0.1614428765	0.9696825616	-0.9841229267
0.0000000000	0.0000000000	0.0000000000	1.0000000000
149	149	150
0.9827460579	-0.0624753371	0.1741135875	2.4191918724
0.0326200230	0.9850235700	0.1693301941	0.8427531902
-0.1820859093	-0.1607290312	0.9700616616	-0.9845159840
0.0000000000	0.0000000000	0.0000000000	1.0000000000
150	150	151
0.9829960000	-0.0645918000	0.1718930000	2.4538784000
0.0354640000	0.9852480000	0.1674170000	0.8439489000
-0.1801710000	-0.1584740000	0.9707850000	-0.9900960000
0.0000000000	0.0000000000	0.0000000000	1.0000000000
151	151	152
0.9833169999	-0.0636292628	0.1704130419	2.4666328351
0.0347902373	0.9853173448	0.1671527883	0.8415473576
-0.1785467266	-0.1584351922	0.9710915846	-0.9895277387
0.0000000000	0.0000000000	0.0000000000	1.0000000000
152	152	153
0.9835390296	-0.0626704326	0.1694796557	2.4777436633
0.0341263067	0.9854736503	0.1663639586	0.8401721986
-0.1774438388	-0.1578416117	0.9713898029	-0.9883448303
0.0000000000	0.0000000000	0.0000000000	1.0000000000
153	153	154
0.9836676170	-0.0618212563	0.1690484301	2.4874323392
0.0337191855	0.9858319892	0.1643124539	0.8408757185
-0.1768113145	-0.1559283478	0.9718148001	-0.9873520235
0.0000000000	0.0000000000	0.0000000000	1.0000000000
154	154	155
0.9837567662	-0.0611077435	0.1687891028	2.4962459695
0.0335598001	0.9863056674	0.1614800211	0.8429818312
-0.1763451976	-0.1531922343	0.9723347642	-0.9863060676
0.0000000000	0.0000000000	0.0000000000	1.0000000000
155	155	156
0.9838747838	-0.0604886496	0.1683227753	2.5056328002
0.0335244794	0.9867665747	0.1586478605	0.8450083262
-0.1756916066	-0.1504465532	0.9728810331	-0.9849791020
0.0000000000	0.0000000000	0.0000000000	1.0000000000
156	156	157
0.9839708130	-0.0601013208	0.1678969863	2.5148320708
0.0336785902	0.9871829478	0.1560007075	0.8467157737
-0.1751206954	-0.1478454203	0.9733830680	-0.9833506752
0.0000000000	0.0000000000	0.0000000000	1.0000000000
157	157	158
0.9841013127	-0.0595310655	0.1673349460	2.5244348051
0.0336626689	0.9875947948	0.1533743069	0.8483400645
-0.1743896346	-0.1453028133	0.9738963787	-0.9816464653
0.0000000000	0.0000000000	0.0000000000	1.0000000000
158	158	159
0.9842882909	-0.0586596177	0.1665419108	2.5346804293
0.0333288928	0.9879717265	0.1510044513	0.8492356946
-0.1733963471	-0.1430811087	0.9744032580	-0.9796862959
0.0000000000	0.0000000000	0.0000000000	1.0000000000
159	159	160
0.9844693351	-0.0576046643	0.1658399927	2.5447678974
0.0327998928	0.9883543425	0.1485960662	0.8501117907
-0.1724683120	-0.1408483769	0.9748934374	-0.9775938046
0.0000000000	0.0000000000	0.0000000000	1.0000000000
160	160	161
0.9847128983	-0.0564201009	0.1647975501	2.5559156422
0.0321575044	0.9887116359	0.1463438969	0.8505443575
-0.1711937468	-0.1388069743	0.9754107914	-0.9754096348
0.0000000000	0.0000000000	0.0000000000	1.0000000000
161	161	162
0.9849635317	-0.0551223051	0.1637344620	2.5675259471
0.0314075943	0.9890735454	0.1440412030	0.8510465380
-0.1698851209	-0.1367325434	0.9759322735	-0.9732967119
0.0000000000	0.0000000000	0.0000000000	1.0000000000
162	162	163
0.9852108065	-0.0537275362	0.1627097775	2.5791577019
0.0305251323	0.9894139041	0.1418780307	0.8512748634
-0.1686098095	-0.1348126894	0.9764208342	-0.9710651625
0.0000000000	0.0000000000	0.0000000000	1.0000000000
163	163	164
0.9855063028	-0.0522722371	0.1613893813	2.5916465322
0.0295915361	0.9897292252	0.1398637040	0.8512188909
-0.1670426193	-0.1330605480	0.9769299056	-0.9689311928
0.0000000000	0.0000000000	0.0000000000	1.0000000000
164	164	165
0.9858204376	-0.0507256852	0.1599570451	2.6045346029
0.0285841564	0.9900482403	0.1377986205	0.8513192493
-0.1653549610	-0.1312721516	0.9774593103	-0.9668083472
0.0000000000	0.0000000000	0.0000000000	1.0000000000
165	165	166
0.9861841021	-0.0488645005	0.1582850299	2.6185172397
0.0272913727	0.9903739381	0.1357023150	0.8517398937
-0.1633921980	-0.1295073464	0.9780241772	-0.9650334358
0.0000000000	0.0000000000	0.0000000000	1.0000000000
166	166	167
0.9865420236	-0.0469051314	0.1566371116	2.6331702193
0.0258099945	0.9906343080	0.1340867389	0.8513337148
-0.1614590389	-0.1282391905	0.9785132042	-0.9633716318
0.0000000000	0.0000000000	0.0000000000	1.0000000000
167	167	168
0.9869660841	-0.0449085687	0.1545412022	2.6498133390
0.0242722787	0.9908314217	0.1329137930	0.8502123773
-0.1590928666	-0.1274299445	0.9790062515	-0.9619821449
0.0000000000	0.0000000000	0.0000000000	1.0000000000
168	168	169
0.9873751729	-0.0434702417	0.1523215773	2.6680362303
0.0233108682	0.9910144053	0.1317138349	0.8495696711
-0.1566782899	-0.1264999485	0.9795155620	-0.9610373315
0.0000000000	0.0000000000	0.0000000000	1.0000000000
169	169	170
0.9878287712	-0.0421408410	0.1497321183	2.6879565187
0.0225103214	0.9911998350	0.1304563777	0.8494380633
-0.1539115060	-0.1254977283	0.9800837920	-0.9608880976
0.0000000000	0.0000000000	0.0000000000	1.0000000000
170	170	171
0.9883363215	-0.0398987708	0.1469721302	2.7094051370
0.0207773545	0.9913746212	0.1294086731	0.8493081481
-0.1508673911	-0.1248453274	0.9806398634	-0.9612250602
0.0000000000	0.0000000000	0.0000000000	1.0000000000
171	171	172
0.9888750449	-0.0374850642	0.1439519018	2.7317881600
0.0189272835	0.9915713201	0.1281828474	0.8497164618
-0.1475430427	-0.1240319968	0.9812490402	-0.9621303523
0.0000000000	0.0000000000	0.0000000000	1.0000000000
172	172	173
0.9894749317	-0.0347306573	0.1404801502	2.7558790985
0.0167700579	0.9917531602	0.1270677430	0.8499362793
-0.1437345409	-0.1233741859	0.9818964099	-0.9635785256
0.0000000000	0.0000000000	0.0000000000	1.0000000000
173	173	174
0.9901207282	-0.0319228339	0.1365409990	2.7821638549
0.0146109071	0.9919290067	0.1259583579	0.8505010532
-0.1394594781	-0.1227186191	0.9825956811	-0.9659216992
0.0000000000	0.0000000000	0.0000000000	1.0000000000
174	174	175
0.9904214759	-0.0302857223	0.1347213744	2.7957142781
0.0133811563	0.9921106169	0.1246545157	0.8521518899
-0.1374335064	-0.1216573271	0.9830129370	-0.9674283153
0.0000000000	0.0000000000	0.0000000000	1.0000000000
175	175	176
0.9906605472	-0.0294081922	0.1331463839	2.8062502717
0.0128748658	0.9922775621	0.1233707374	0.8538787224
-0.1357459387	-0.1205038192	0.9833895969	-0.9689375721
0.0000000000	0.0000000000	0.0000000000	1.0000000000
176	176	177
0.9909348957	-0.0275884517	0.1314863850	2.8163982304
0.0113279061	0.9923620336	0.1228442363	0.8545079600
-0.1338709333	-0.1202407773	0.9836785252	-0.9701713237
0.0000000000	0.0000000000	0.0000000000	1.0000000000
177	177	178
0.9912390338	-0.0260296858	0.1294986451	2.8276814492
0.0100254764	0.9923904611	0.1227324723	0.8543784973
-0.1317075627	-0.1203586203	0.9839560219	-0.9714103536
0.0000000000	0.0000000000	0.0000000000	1.0000000000
178	178	179
0.9915300377	-0.0244868735	0.1275531022	2.8390378028
0.0087193712	0.9924029575	0.1227336818	0.8541848830
-0.1295888230	-0.1205816260	0.9842106845	-0.9727625200
0.0000000000	0.0000000000	0.0000000000	1.0000000000
179	179	180
0.9918366636	-0.0229577824	0.1254388895	2.8512116121
0.0074579706	0.9924214309	0.1226614416	0.8543392036
-0.1273038979	-0.1207240188	0.9844913980	-0.9743039816
0.0000000000	0.0000000000	0.0000000000	1.0000000000
180	180	181
