0	0	1
1.00000000 0.00000000 0.00000000 2.00000000
0.00000000 1.00000000 0.00000000 2.00000000
0.00000000 0.00000000 1.00000000 -0.30000000
0.00000000 0.00000000 0.00000000 1.00000000
1	1	2
0.99995600 -0.00300875 0.00890886 2.00822000
0.00303617 0.99999100 -0.00306580 1.98945000
-0.00889955 0.00309271 0.99995500 -0.30305900
0.00000000 0.00000000 0.00000000 1.00000000
2	2	3
0.99983800 -0.00592787 0.01697450 2.01909000
0.00603497 0.99996200 -0.00626471 1.97923000
-0.01693670 0.00636614 0.99983600 -0.30618700
0.00000000 0.00000000 0.00000000 1.00000000
3	3	4
0.99966500 -0.00879508 0.02432570 2.03210000
0.00903539 0.99991200 -0.00978662 1.96984000
-0.02423750 0.01000310 0.99965600 -0.30981000
0.00000000 0.00000000 0.00000000 1.00000000
4	4	5
0.99943400 -0.01121930 0.03171460 2.04592000
0.01164900 0.99984300 -0.01339790 1.96059000
-0.03155930 0.01375970 0.99940700 -0.31323600
0.00000000 0.00000000 0.00000000 1.00000000
5	5	6
0.99914200 -0.01334290 0.03920770 2.05999000
0.01400440 0.99976400 -0.01664540 1.95075000
-0.03897630 0.01718020 0.99909300 -0.31658700
0.00000000 0.00000000 0.00000000 1.00000000
6	6	7
0.99879300 -0.01570240 0.04654510 2.07473000
0.01666250 0.99965600 -0.02031080 1.94172000
-0.04621010 0.02106190 0.99871000 -0.31971000
0.00000000 0.00000000 0.00000000 1.00000000
7	7	8
0.99839500 -0.01772080 0.05379010 2.08961000
0.01901990 0.99953900 -0.02373630 1.93217000
-0.05334460 0.02472120 0.99827100 -0.32262900
0.00000000 0.00000000 0.00000000 1.00000000
8	8	9
0.99795300 -0.01973450 0.06084460 2.10454000
0.02142930 0.99939800 -0.02732910 1.92325000
-0.06026860 0.02857700 0.99777400 -0.32602000
0.00000000 0.00000000 0.00000000 1.00000000
9	9	10
0.99742100 -0.02137560 0.06852510 2.11799000
0.02351100 0.99926000 -0.03050790 1.91345000
-0.06782210 0.03204030 0.99718400 -0.32903900
0.00000000 0.00000000 0.00000000 1.00000000
10	10	11
0.99677700 -0.02291420 0.07689400 2.12967000
0.02552810 0.99912500 -0.03318420 1.90265000
-0.07606620 0.03504020 0.99648800 -0.33242800
0.00000000 0.00000000 0.00000000 1.00000000
11	11	12
0.99605400 -0.02464320 0.08527210 2.14069000
0.02776590 0.99898100 -0.03562970 1.89123000
-0.08430710 0.03785670 0.99572100 -0.33631200
0.00000000 0.00000000 0.00000000 1.00000000
12	12	13
0.99528700 -0.02618950 0.09337690 2.15110000
0.02987990 0.99882000 -0.03834490 1.88044000
-0.09226230 0.04095430 0.99489300 -0.33902600
0.00000000 0.00000000 0.00000000 1.00000000
13	13	14
0.99437000 -0.02762120 0.10230800 2.15857000
0.03184370 0.99869900 -0.03987170 1.86738000
-0.10107300 0.04290510 0.99395500 -0.34321900
0.00000000 0.00000000 0.00000000 1.00000000
14	14	15
0.99346200 -0.02966200 0.11025300 2.16683000
0.03445370 0.99853300 -0.04181280 1.85524000
-0.10885100 0.04533800 0.99302500 -0.34674500
0.00000000 0.00000000 0.00000000 1.00000000
15	15	16
0.99253400 -0.03216610 0.11765700 2.17456000
0.03737310 0.99840700 -0.04231930 1.84037000
-0.11610800 0.04640050 0.99215400 -0.35100000
0.00000000 0.00000000 0.00000000 1.00000000
16	16	17
0.99140500 -0.03524690 0.12600500 2.17853000
0.04080960 0.99829300 -0.04184030 1.82348000
-0.12431500 0.04662290 0.99114800 -0.35492600
0.00000000 0.00000000 0.00000000 1.00000000
17	17	18
0.99043200 -0.03849250 0.13254000 2.18430000
0.04437390 0.99814700 -0.04170940 1.80747000
-0.13068800 0.04719150 0.99030200 -0.36023100
0.00000000 0.00000000 0.00000000 1.00000000
18	18	19
0.98918500 -0.04168830 0.14063300 2.18473000
0.04781740 0.99803800 -0.04048690 1.78956000
-0.13866900 0.04677360 0.98923600 -0.36560100
0.00000000 0.00000000 0.00000000 1.00000000
19	19	20
0.98784200 -0.04476810 0.14888500 2.18155000
0.05105050 0.99795100 -0.03864440 1.77023000
-0.14684900 0.04577510 0.98810100 -0.37159000
0.00000000 0.00000000 0.00000000 1.00000000
20	20	21
0.98755300 -0.04554510 0.15055500 2.18050000
0.05188020 0.99791700 -0.03842040 1.76710000
-0.14849100 0.04575290 0.98785700 -0.37244000
0.00000000 0.00000000 0.00000000 1.00000000
21	21	22
0.98705700 -0.04715330 0.15328600 2.17981000
0.05344790 0.99788100 -0.03720450 1.75758000
-0.15120600 0.04491580 0.98748300 -0.37686100
0.00000000 0.00000000 0.00000000 1.00000000
22	22	23
0.98655000 -0.04882910 0.15600200 2.17801000
0.05515150 0.99781600 -0.03645720 1.74888000
-0.15388000 0.04457060 0.98708600 -0.37993500
0.00000000 0.00000000 0.00000000 1.00000000
23	23	24
0.98588300 -0.05074260 0.15956800 2.17364000
0.05709030 0.99774300 -0.03544870 1.73938000
-0.15740900 0.04405810 0.98655200 -0.38268500
0.00000000 0.00000000 0.00000000 1.00000000
24	24	25
0.98515800 -0.05279080 0.16333700 2.16818000
0.05903720 0.99769300 -0.03362400 1.72806000
-0.16118500 0.04276800 0.98599900 -0.38647700
0.00000000 0.00000000 0.00000000 1.00000000
25	25	26
0.98454500 -0.05513640 0.16623400 2.16429000
0.06124490 0.99761900 -0.03184310 1.71650000
-0.16408200 0.04153190 0.98557400 -0.39134400
0.00000000 0.00000000 0.00000000 1.00000000
26	26	27
0.98359800 -0.05805650 0.17078600 2.15605000
0.06409740 0.99749500 -0.03006780 1.70442000
-0.16861200 0.04052150 0.98485100 -0.39455800
0.00000000 0.00000000 0.00000000 1.00000000
27	27	28
0.98267600 -0.06091410 0.17504400 2.14776000
0.06691400 0.99735400 -0.02857570 1.69294000
-0.17284000 0.03979350 0.98414800 -0.39694400
0.00000000 0.00000000 0.00000000 1.00000000
28	28	29
0.98188200 -0.06367300 0.17848000 2.14011000
0.06943330 0.99724700 -0.02620940 1.67939000
-0.17631900 0.03812700 0.98359600 -0.40099100
0.00000000 0.00000000 0.00000000 1.00000000
29	29	30
0.98108100 -0.06632110 0.18189100 2.13167000
0.07171000 0.99716000 -0.02320500 1.66451000
-0.17983400 0.03580940 0.98304700 -0.40583700
0.00000000 0.00000000 0.00000000 1.00000000
30	30	31
0.98027100 -0.06881590 0.18529900 2.12264000
0.07372730 0.99708800 -0.01973860 1.64866000
-0.18340100 0.03301080 0.98248600 -0.41103800
0.00000000 0.00000000 0.00000000 1.00000000
31	31	32
0.97925800 -0.07127370 0.18967100 2.11133000
0.07572270 0.99700000 -0.01630410 1.63293000
-0.18793900 0.03032840 0.98171400 -0.41476900
0.00000000 0.00000000 0.00000000 1.00000000
32	32	33
0.97819200 -0.07402020 0.19407100 2.09957000
0.07800890 0.99687300 -0.01298110 1.61716000
-0.19250200 0.02783730 0.98090400 -0.41858600
0.00000000 0.00000000 0.00000000 1.00000000
33	33	34
0.97705200 -0.07696980 0.19861300 2.08716000
0.08048660 0.99671300 -0.00968251 1.60122000
-0.19721400 0.02544600 0.98003200 -0.42247200
0.00000000 0.00000000 0.00000000 1.00000000
34	34	35
0.97574800 -0.07993720 0.20378700 2.07302000
0.08300490 0.99653200 -0.00653682 1.58576000
-0.20255700 0.02329370 0.97899600 -0.42587300
0.00000000 0.00000000 0.00000000 1.00000000
35	35	36
0.97443600 -0.08304020 0.20876200 2.05880000
0.08559240 0.99632900 -0.00320533 1.56983000
-0.20772800 0.02099190 0.97796400 -0.43031400
0.00000000 0.00000000 0.00000000 1.00000000
36	36	37
0.97317100 -0.08619150 0.21333300 2.04509000
0.08827680 0.99610000 -0.00024958 1.55480000
-0.21247900 0.01907530 0.97698200 -0.43548700
0.00000000 0.00000000 0.00000000 1.00000000
37	37	38
0.97176900 -0.08911720 0.21846300 2.03003000
0.09072210 0.99587700 0.00269408 1.54001000
-0.21780200 0.01720150 0.97584400 -0.44009300
0.00000000 0.00000000 0.00000000 1.00000000
38	38	39
0.97043400 -0.09234850 0.22300600 2.01590000
0.09342500 0.99561400 0.00574154 1.52492000
-0.22255700 0.01526260 0.97480200 -0.44555500
0.00000000 0.00000000 0.00000000 1.00000000
39	39	40
0.96915000 -0.09576780 0.22711300 2.00274000
0.09632330 0.99531700 0.00866204 1.51018000
-0.22687800 0.01348150 0.97383200 -0.45112300
0.00000000 0.00000000 0.00000000 1.00000000
40	40	41
0.96788300 -0.09935200 0.23094300 1.99015000
0.09934790 0.99498900 0.01167690 1.49539000
-0.23094400 0.01164190 0.97289900 -0.45681300
0.00000000 0.00000000 0.00000000 1.00000000
41	41	42
0.96664400 -0.10300300 0.23450400 1.97820000
0.10224300 0.99464400 0.01543150 1.47906000
-0.23483700 0.00905970 0.97199500 -0.46292800
0.00000000 0.00000000 0.00000000 1.00000000
42	42	43
0.96540700 -0.10680500 0.23787700 1.96673000
0.10512100 0.99426700 0.01978940 1.46165000
-0.23862500 0.00590129 0.97109600 -0.46913800
0.00000000 0.00000000 0.00000000 1.00000000
43	43	44
0.96418700 -0.11077800 0.24098800 1.95586000
0.10799600 0.99384800 0.02476410 1.44291000
-0.24224800 0.00214871 0.97021500 -0.47568400
0.00000000 0.00000000 0.00000000 1.00000000
44	44	45
0.96295200 -0.11467400 0.24408300 1.94526000
0.11049200 0.99340500 0.03080240 1.42199000
-0.24600400 -0.00269183 0.96926800 -0.48226500
0.00000000 0.00000000 0.00000000 1.00000000
45	45	46
0.96165200 -0.11852300 0.24735200 1.93427000
0.11293300 0.99292900 0.03671500 1.40166000
-0.24995300 -0.00737255 0.96823300 -0.48837100
0.00000000 0.00000000 0.00000000 1.00000000
46	46	47
0.96033000 -0.12215500 0.25069800 1.92305000
0.11528500 0.99245100 0.04196740 1.38339000
-0.25393000 -0.01140070 0.96715800 -0.49436000
0.00000000 0.00000000 0.00000000 1.00000000
47	47	48
0.95892800 -0.12550000 0.25438400 1.91111000
0.11743200 0.99198700 0.04672050 1.36681000
-0.25820800 -0.01492840 0.96597700 -0.49984200
0.00000000 0.00000000 0.00000000 1.00000000
48	48	49
0.95765100 -0.12847200 0.25769200 1.90034000
0.11941600 0.99156200 0.05056140 1.35274000
-0.26201200 -0.01764750 0.96490700 -0.50507700
0.00000000 0.00000000 0.00000000 1.00000000
49	49	50
0.95630700 -0.13118100 0.26129100 1.88900000
0.12127900 0.99116800 0.05374220 1.34064000
-0.26603200 -0.01970480 0.96376600 -0.50967000
0.00000000 0.00000000 0.00000000 1.00000000
50	50	51
0.95630700 -0.13118100 0.26129100 1.88900000
0.12127900 0.99116800 0.05374220 1.34064000
-0.26603200 -0.01970480 0.96376600 -0.50967000
0.00000000 0.00000000 0.00000000 1.00000000
51	51	52
0.95510247 -0.13321078 0.26464977 1.87889722
0.12262220 0.99086584 0.05621461 1.33100999
-0.26971952 -0.02123863 0.96270818 -0.51421544
0.00000000 0.00000000 0.00000000 1.00000000
52	52	53
0.95423163 -0.13511105 0.26681621 1.87228455
0.12400795 0.99058380 0.05811574 1.32295460
-0.27215431 -0.02236841 0.96199718 -0.52064574
0.00000000 0.00000000 0.00000000 1.00000000
53	53	54
0.95339679 -0.13718515 0.26873691 1.86649596
0.12542028 0.99026016 0.06055528 1.31353847
-0.27442501 -0.02402799 0.96131240 -0.52792916
0.00000000 0.00000000 0.00000000 1.00000000
54	54	55
0.95254379 -0.13929029 0.27067151 1.86150192
0.12711634 0.98994828 0.06209053 1.30643067
-0.27659782 -0.02473701 0.96067116 -0.53502545
0.00000000 0.00000000 0.00000000 1.00000000
55	55	56
0.95174093 -0.14151583 0.27233563 1.85862766
0.12903254 0.98962301 0.06331009 1.30036109
-0.27846748 -0.02511449 0.96012086 -0.54207264
0.00000000 0.00000000 0.00000000 1.00000000
56	56	57
0.95084035 -0.14344433 0.27446458 1.85543287
0.13036917 0.98931184 0.06540285 1.29256826
-0.28091126 -0.02640581 0.95937405 -0.54891504
0.00000000 0.00000000 0.00000000 1.00000000
57	57	58
0.95010072 -0.14504025 0.27618419 1.85353338
0.13112771 0.98901618 0.06829726 1.28346183
-0.28305506 -0.02867371 0.95867900 -0.55636117
0.00000000 0.00000000 0.00000000 1.00000000
58	58	59
0.94949713 -0.14654369 0.27746162 1.85316685
0.13187858 0.98873285 0.07090681 1.27534344
-0.28472461 -0.03073443 0.95812074 -0.56389825
0.00000000 0.00000000 0.00000000 1.00000000
59	59	60
0.94890423 -0.14796075 0.27873878 1.85345845
0.13262876 0.98846610 0.07319417 1.26861275
-0.28635229 -0.03248528 0.95757742 -0.57046677
0.00000000 0.00000000 0.00000000 1.00000000
60	60	61
0.94841364 -0.14924771 0.27971855 1.85467877
0.13292492 0.98817173 0.07655672 1.25964837
-0.28783423 -0.03542565 0.95702883 -0.57682011
0.00000000 0.00000000 0.00000000 1.00000000
61	61	62
0.94799129 -0.14998677 0.28075470 1.85701729
0.13275998 0.98796103 0.07951888 1.25304154
-0.28929982 -0.03811000 0.95648312 -0.58165012
0.00000000 0.00000000 0.00000000 1.00000000
62	62	63
0.94796409 -0.15123152 0.28017638 1.86439938
0.13291568 0.98762108 0.08337571 1.24482528
-0.28931534 -0.04179711 0.95632524 -0.58682600
0.00000000 0.00000000 0.00000000 1.00000000
63	63	64
0.94771874 -0.15306732 0.28000988 1.87331916
0.13383799 0.98721316 0.08667140 1.23824399
-0.28969413 -0.04466391 0.95608077 -0.59155536
0.00000000 0.00000000 0.00000000 1.00000000
64	64	65
0.94748454 -0.15388760 0.28035549 1.87519673
0.13408242 0.98700690 0.08862609 1.23531441
-0.29034942 -0.04638081 0.95580025 -0.59155447
0.00000000 0.00000000 0.00000000 1.00000000
65	65	66
0.94706034 -0.15474113 0.28131703 1.87901429
0.13451777 0.98682723 0.08995578 1.23441967
-0.29152923 -0.04735110 0.95539382 -0.59244827
0.00000000 0.00000000 0.00000000 1.00000000
66	66	67
0.94659207 -0.15507514 0.28270630 1.88181126
0.13435707 0.98671850 0.09138027 1.23347792
-0.29312041 -0.04851600 0.95484850 -0.59297248
0.00000000 0.00000000 0.00000000 1.00000000
67	67	68
0.94621503 -0.15513091 0.28393654 1.88482213
0.13401718 0.98666461 0.09245985 1.23322726
-0.29449162 -0.04943421 0.95437902 -0.59466816
0.00000000 0.00000000 0.00000000 1.00000000
68	68	69
0.94598522 -0.15540346 0.28455138 1.88972807
0.13400879 0.98658653 0.09329851 1.23405608
-0.29523133 -0.05012628 0.95411472 -0.59680294
0.00000000 0.00000000 0.00000000 1.00000000
69	69	70
0.94590655 -0.15563635 0.28468687 1.89576860
0.13383825 0.98648621 0.09460935 1.23388858
-0.29556178 -0.05138920 0.95394574 -0.59926033
0.00000000 0.00000000 0.00000000 1.00000000
70	70	71
0.94600948 -0.15565156 0.28433722 1.90309046
0.13387895 0.98648159 0.09459283 1.23652887
-0.29521458 -0.05141854 0.95405184 -0.60349999
0.00000000 0.00000000 0.00000000 1.00000000
71	71	72
0.94623112 -0.15576771 0.28353285 1.91159027
0.13353588 0.98636813 0.09624317 1.23559037
-0.29465695 -0.05320608 0.95412601 -0.60630202
0.00000000 0.00000000 0.00000000 1.00000000
72	72	73
0.94649799 -0.15562476 0.28272010 1.92020849
0.13341321 0.98637838 0.09631116 1.23826161
-0.29385502 -0.05343933 0.95436021 -0.61101731
0.00000000 0.00000000 0.00000000 1.00000000
73	73	74
0.94659545 -0.15621560 0.28206865 1.92924341
0.13352403 0.98618999 0.09807699 1.23733701
-0.29349178 -0.05517586 0.95437402 -0.61312991
0.00000000 0.00000000 0.00000000 1.00000000
74	74	75
0.94685271 -0.15595327 0.28134986 1.93807526
0.13296020 0.98615729 0.09916538 1.23711880
-0.29291800 -0.05648623 0.95447293 -0.61692852
0.00000000 0.00000000 0.00000000 1.00000000
75	75	76
0.94711768 -0.15601389 0.28042282 1.94760616
0.13267987 0.98606256 0.10047494 1.23719407
-0.29218729 -0.05795472 0.95460973 -0.62026064
0.00000000 0.00000000 0.00000000 1.00000000
76	76	77
0.94737212 -0.15599638 0.27957388 1.95686479
0.13221420 0.98595699 0.10211666 1.23594367
-0.29157516 -0.05977841 0.95468402 -0.62401053
0.00000000 0.00000000 0.00000000 1.00000000
77	77	78
0.94766187 -0.15553966 0.27884338 1.96579885
0.13138703 0.98593116 0.10342787 1.23564354
-0.29100465 -0.06137772 0.95475707 -0.62804291
0.00000000 0.00000000 0.00000000 1.00000000
78	78	79
0.94784367 -0.15554191 0.27822646 1.97494286
0.13059271 0.98574345 0.10618156 1.23270206
-0.29077338 -0.06430866 0.95463381 -0.63083319
0.00000000 0.00000000 0.00000000 1.00000000
79	79	80
0.94802508 -0.15548500 0.27763890 1.98415077
0.12973758 0.98555628 0.10893369 1.22988346
-0.29056373 -0.06725111 0.95449542 -0.63345050
0.00000000 0.00000000 0.00000000 1.00000000
80	80	81
0.94810607 -0.15523856 0.27749944 1.99262730
0.12872753 0.98540735 0.11144358 1.22795369
-0.29074809 -0.06993797 0.95424593 -0.63520936
0.00000000 0.00000000 0.00000000 1.00000000
81	81	82
0.94826065 -0.15429914 0.27749370 2.00089934
0.12743417 0.98545816 0.11248455 1.22941416
-0.29081209 -0.07130199 0.95412511 -0.63762375
0.00000000 0.00000000 0.00000000 1.00000000
82	82	83
0.94843906 -0.15375652 0.27718765 2.01025004
0.12635845 0.98539385 0.11424389 1.22944143
-0.29070252 -0.07332773 0.95400518 -0.63963328
0.00000000 0.00000000 0.00000000 1.00000000
83	83	84
0.94885438 -0.15278912 0.27629834 2.02136133
0.12525032 0.98546850 0.11481804 1.23211488
-0.28982374 -0.07433854 0.95419455 -0.64358026
0.00000000 0.00000000 0.00000000 1.00000000
84	84	85
0.94925072 -0.15173375 0.27551678 2.03245723
0.12404455 0.98555362 0.11539038 1.23492205
-0.28904270 -0.07535740 0.95435170 -0.64729603
0.00000000 0.00000000 0.00000000 1.00000000
85	85	86
0.94981780 -0.15070019 0.27412783 2.04521804
0.12308204 0.98567314 0.11540312 1.23902533
-0.28758958 -0.07587110 0.95474935 -0.65221715
0.00000000 0.00000000 0.00000000 1.00000000
86	86	87
0.95065498 -0.14994365 0.27162866 2.06109152
0.12220198 0.98566367 0.11641487 1.24091877
-0.28518810 -0.07747624 0.95534040 -0.65808307
0.00000000 0.00000000 0.00000000 1.00000000
87	87	88
0.95158095 -0.14910660 0.26883273 2.07830847
0.12122917 0.98564665 0.11756992 1.24240450
-0.28250223 -0.07928623 0.95599043 -0.66498153
0.00000000 0.00000000 0.00000000 1.00000000
88	88	89
0.95250611 -0.14815438 0.26606932 2.09525031
0.12016486 0.98564794 0.11865228 1.24398826
-0.27982713 -0.08104421 0.95662948 -0.67222280
0.00000000 0.00000000 0.00000000 1.00000000
89	89	90
0.95359797 -0.14714124 0.26269865 2.11395168
0.11931839 0.98571028 0.11898218 1.24720736
-0.27644973 -0.08211572 0.95751973 -0.68047535
0.00000000 0.00000000 0.00000000 1.00000000
90	90	91
0.95465317 -0.14626443 0.25933470 2.13287352
0.11841871 0.98569485 0.12000991 1.24910221
-0.27317572 -0.08385710 0.95830803 -0.68778725
0.00000000 0.00000000 0.00000000 1.00000000
91	91	92
0.95572670 -0.14548825 0.25579301 2.15255371
0.11777291 0.98569954 0.12059992 1.25188573
-0.26967878 -0.08513434 0.95918553 -0.69553899
0.00000000 0.00000000 0.00000000 1.00000000
92	92	93
0.95679879 -0.14458185 0.25227690 2.17209732
0.11693972 0.98570052 0.12139990 1.25413548
-0.26621979 -0.08665328 0.96001533 -0.70334846
0.00000000 0.00000000 0.00000000 1.00000000
93	93	94
0.95774449 -0.14364786 0.24920370 2.19049839
0.11582832 0.98563461 0.12299216 1.25445029
-0.26328934 -0.08892936 0.96061551 -0.71054624
0.00000000 0.00000000 0.00000000 1.00000000
94	94	95
0.95874634 -0.14257274 0.24594640 2.20946200
0.11463864 0.98559003 0.12445262 1.25525450
-0.26014389 -0.09112267 0.96126672 -0.71767894
0.00000000 0.00000000 0.00000000 1.00000000
95	95	96
0.95974336 -0.14159988 0.24259941 2.22878503
0.11362253 0.98554506 0.12573950 1.25650031
-0.25689530 -0.09311194 0.96194985 -0.72478430
0.00000000 0.00000000 0.00000000 1.00000000
96	96	97
0.96071697 -0.14042260 0.23941043 2.24773078
0.11238694 0.98551909 0.12704899 1.25776845
-0.25378207 -0.09515053 0.96257644 -0.73180730
0.00000000 0.00000000 0.00000000 1.00000000
97	97	98
0.96172744 -0.13930643 0.23598219 2.26722829
0.11125031 0.98547789 0.12836073 1.25896304
-0.25043481 -0.09719392 0.96324908 -0.73909822
0.00000000 0.00000000 0.00000000 1.00000000
98	98	99
0.96268303 -0.13824613 0.23268779 2.28652687
0.11015842 0.98542417 0.12971495 1.25999000
-0.24722686 -0.09924086 0.96386855 -0.74639124
0.00000000 0.00000000 0.00000000 1.00000000
99	99	100
0.96367033 -0.13710089 0.22925348 2.30623300
0.10902821 0.98538078 0.13098712 1.26129312
-0.24385852 -0.10123223 0.96452014 -0.75367214
0.00000000 0.00000000 0.00000000 1.00000000
100	100	101
0.96367033 -0.13710089 0.22925348 2.30623300
0.10902821 0.98538078 0.13098712 1.26129312
-0.24385852 -0.10123223 0.96452014 -0.75367214
0.00000000 0.00000000 0.00000000 1.00000000
101	101	102
0.96462610 -0.13588134 0.22593412 2.32567696
0.10790097 0.98537762 0.13194175 1.26328791
-0.24055679 -0.10289490 0.96517325 -0.76128000
0.00000000 0.00000000 0.00000000 1.00000000
102	102	103
0.96562523 -0.13457037 0.22242427 2.34538481
0.10670890 0.98537749 0.13290687 1.26541883
-0.23705532 -0.10460248 0.96585569 -0.76880940
0.00000000 0.00000000 0.00000000 1.00000000
103	103	104
0.96663473 -0.13316122 0.21885870 2.36533417
0.10549336 0.98541090 0.13362474 1.26831049
-0.23345774 -0.10607707 0.96657044 -0.77627453
0.00000000 0.00000000 0.00000000 1.00000000
104	104	105
0.96760970 -0.13196014 0.21524634 2.38555365
0.10449715 0.98541603 0.13437128 1.27093140
-0.22983706 -0.10752529 0.96727790 -0.78377746
0.00000000 0.00000000 0.00000000 1.00000000
105	105	106
0.96855467 -0.13074924 0.21170768 2.40569926
0.10349899 0.98542337 0.13508631 1.27365441
-0.22628248 -0.10892587 0.96795865 -0.79107556
0.00000000 0.00000000 0.00000000 1.00000000
106	106	107
0.96955108 -0.12947208 0.20789925 2.42659019
0.10253046 0.98546148 0.13555122 1.27707499
-0.22242524 -0.11010678 0.96871881 -0.79852010
0.00000000 0.00000000 0.00000000 1.00000000
107	107	108
0.97052152 -0.12783231 0.20435727 2.44680749
0.10111292 0.98550909 0.13626879 1.28014483
-0.21881397 -0.11158752 0.96937201 -0.80550287
0.00000000 0.00000000 0.00000000 1.00000000
108	108	109
0.97148407 -0.12625832 0.20072992 2.46742050
0.09982753 0.98556921 0.13677760 1.28343713
-0.21510098 -0.11283768 0.97005829 -0.81283179
0.00000000 0.00000000 0.00000000 1.00000000
109	109	110
0.97237703 -0.12483894 0.19726592 2.48768749
0.09868207 0.98561084 0.13730922 1.28670394
-0.21156764 -0.11404851 0.97069332 -0.81994022
0.00000000 0.00000000 0.00000000 1.00000000
110	110	111
0.97336922 -0.12306668 0.19344842 2.50868538
0.09723187 0.98568375 0.13782479 1.29044715
-0.20763901 -0.11534394 0.97138864 -0.82685887
0.00000000 0.00000000 0.00000000 1.00000000
111	111	112
0.97434529 -0.12140102 0.18954844 2.52972650
0.09587179 0.98572062 0.13851348 1.29331631
-0.20365585 -0.11678642 0.97205931 -0.83424348
0.00000000 0.00000000 0.00000000 1.00000000
112	112	113
0.97531357 -0.11968012 0.18562446 2.55072271
0.09440973 0.98572428 0.13948792 1.29544513
-0.19966705 -0.11851839 0.97267717 -0.84156250
0.00000000 0.00000000 0.00000000 1.00000000
113	113	114
0.97629347 -0.11800908 0.18149634 2.57233610
0.09304017 0.98571882 0.14043933 1.29761647
-0.19547615 -0.12022224 0.97331870 -0.84900703
0.00000000 0.00000000 0.00000000 1.00000000
114	114	115
0.97726949 -0.11607089 0.17744837 2.59358326
0.09145486 0.98576860 0.14112861 1.30055578
-0.19130272 -0.12169082 0.97396537 -0.85628425
0.00000000 0.00000000 0.00000000 1.00000000
115	115	116
0.97836435 -0.11423402 0.17254000 2.61672798
0.09015807 0.98584018 0.14146760 1.30410315
-0.18625593 -0.12284963 0.97479776 -0.86436153
0.00000000 0.00000000 0.00000000 1.00000000
116	116	117
0.97947864 -0.11249277 0.16727997 2.64091222
0.08907952 0.98594214 0.14143760 1.30840861
-0.18083791 -0.12363255 0.97571822 -0.87278989
0.00000000 0.00000000 0.00000000 1.00000000
117	117	118
0.98051836 -0.11003861 0.16276068 2.66286795
0.08720850 0.98612604 0.14132457 1.31355302
-0.17605254 -0.12437594 0.97649878 -0.88050493
0.00000000 0.00000000 0.00000000 1.00000000
118	118	119
0.98154918 -0.10764487 0.15808724 2.68512354
0.08542657 0.98630087 0.14118764 1.31863795
-0.17111894 -0.12507637 0.97728605 -0.88841483
0.00000000 0.00000000 0.00000000 1.00000000
119	119	120
0.98254930 -0.10571340 0.15309647 2.70826199
0.08410774 0.98639628 0.14131733 1.32254782
-0.16595198 -0.12597329 0.97806173 -0.89631384
0.00000000 0.00000000 0.00000000 1.00000000
120	120	121
0.98351098 -0.10328772 0.14851257 2.73017554
0.08230776 0.98658182 0.14107535 1.32784797
-0.16109053 -0.12652383 0.97880362 -0.90383886
0.00000000 0.00000000 0.00000000 1.00000000
121	121	122
0.98410513 -0.10116810 0.14601412 2.74589551
0.08046940 0.98670085 0.14130448 1.33157904
-0.15836708 -0.12730725 0.97914656 -0.91004983
0.00000000 0.00000000 0.00000000 1.00000000
122	122	123
0.98466586 -0.09928021 0.14350935 2.76182722
0.07879438 0.98673664 0.14199486 1.33378133
-0.15570266 -0.12850806 0.97941694 -0.91582048
0.00000000 0.00000000 0.00000000 1.00000000
123	123	124
0.98522471 -0.09714578 0.14111344 2.77721977
0.07699565 0.98690137 0.14183903 1.33842758
-0.15304359 -0.12887664 0.97978674 -0.92176791
0.00000000 0.00000000 0.00000000 1.00000000
124	124	125
0.98557300 -0.09533359 0.13991334 2.78913919
0.07515899 0.98687508 0.14300162 1.33927543
-0.15170920 -0.13042116 0.97979073 -0.92669436
0.00000000 0.00000000 0.00000000 1.00000000
125	125	126
0.98589043 -0.09352014 0.13889357 2.80050599
0.07331773 0.98686015 0.14405457 1.34032515
-0.15053989 -0.13183709 0.97978125 -0.93137690
0.00000000 0.00000000 0.00000000 1.00000000
126	126	127
0.98635806 -0.09178957 0.13671286 2.81480551
0.07175452 0.98685387 0.14488405 1.34226167
-0.14821388 -0.13309609 0.97996610 -0.93535078
0.00000000 0.00000000 0.00000000 1.00000000
127	127	128
0.98666527 -0.09015109 0.13558517 2.82654928
0.07018161 0.98688156 0.14546543 1.34439259
-0.14691985 -0.13400832 0.98003698 -0.93970055
0.00000000 0.00000000 0.00000000 1.00000000
128	128	129
0.98712414 -0.08864848 0.13321078 2.84124792
0.06897188 0.98693461 0.14568358 1.34792191
-0.14438430 -0.13461819 0.98033014 -0.94273833
0.00000000 0.00000000 0.00000000 1.00000000
129	129	130
0.98737604 -0.08692515 0.13248232 2.85172569
0.06733571 0.98703448 0.14577475 1.35103027
-0.14343556 -0.13501192 0.98041522 -0.94652803
0.00000000 0.00000000 0.00000000 1.00000000
130	130	131
0.98778653 -0.08552354 0.13031314 2.86588914
0.06620832 0.98708392 0.14595203 1.35469577
-0.14111182 -0.13553985 0.98067968 -0.94850324
0.00000000 0.00000000 0.00000000 1.00000000
131	131	132
0.98815931 -0.08436212 0.12823317 2.87968975
0.06531406 0.98712150 0.14610349 1.35810460
-0.13890667 -0.13599623 0.98093161 -0.95050976
0.00000000 0.00000000 0.00000000 1.00000000
132	132	133
0.98837942 -0.08310576 0.12735238 2.89035064
0.06423082 0.98724495 0.14574918 1.36196664
-0.13784040 -0.13587378 0.98109888 -0.95373098
0.00000000 0.00000000 0.00000000 1.00000000
133	133	134
0.98866114 -0.08219376 0.12574899 2.90283500
0.06358075 0.98732828 0.14547007 1.36647915
-0.13611147 -0.13582359 0.98134682 -0.95486847
0.00000000 0.00000000 0.00000000 1.00000000
134	134	135
0.98877545 -0.08202156 0.12495937 2.91244129
0.06319864 0.98700905 0.14778371 1.36369702
-0.13545741 -0.13822571 0.98110210 -0.95485274
0.00000000 0.00000000 0.00000000 1.00000000
135	135	136
0.98882351 -0.08184965 0.12468739 2.92070946
0.06310547 0.98705888 0.14749208 1.36687825
-0.13514514 -0.13797350 0.98118043 -0.95721268
0.00000000 0.00000000 0.00000000 1.00000000
136	136	137
0.98887267 -0.08161839 0.12445006 2.92884325
0.06269465 0.98685199 0.14904210 1.36616238
-0.13497869 -0.13957941 0.98097658 -0.95790932
0.00000000 0.00000000 0.00000000 1.00000000
137	137	138
0.98895131 -0.08190570 0.12364063 2.93884360
0.06297773 0.98670273 0.14991017 1.36669798
-0.13427482 -0.14046534 0.98094636 -0.95883077
0.00000000 0.00000000 0.00000000 1.00000000
138	138	139
0.98896422 -0.08134672 0.12390191 2.94552317
0.06238053 0.98673835 0.14992526 1.36809013
-0.13445391 -0.14053979 0.98091124 -0.96084594
0.00000000 0.00000000 0.00000000 1.00000000
139	139	140
0.98901464 -0.08148810 0.12341053 2.95384947
0.06246606 0.98659290 0.15084560 1.36794364
-0.13404828 -0.14147762 0.98083255 -0.96327477
0.00000000 0.00000000 0.00000000 1.00000000
140	140	141
0.98901464 -0.08148810 0.12341053 2.95384947
0.06246606 0.98659290 0.15084560 1.36794364
-0.13404828 -0.14147762 0.98083255 -0.96327477
0.00000000 0.00000000 0.00000000 1.00000000
141	141	142
0.98957851 -0.07959374 0.12008060 2.97734489
0.06093804 0.98655156 0.15173610 1.36941086
-0.13054298 -0.14283538 0.98110807 -0.96708244
0.00000000 0.00000000 0.00000000 1.00000000
142	142	143
0.98982906 -0.07843611 0.11876355 2.99461779
0.05985392 0.98647576 0.15265813 1.37031624
-0.12913131 -0.14399510 0.98112587 -0.96911707
0.00000000 0.00000000 0.00000000 1.00000000
143	143	144
0.99012722 -0.07665534 0.11743604 3.01205967
0.05822496 0.98651575 0.15303463 1.37159091
-0.12758232 -0.14468403 0.98122749 -0.97183611
0.00000000 0.00000000 0.00000000 1.00000000
144	144	145
0.99056770 -0.07473610 0.11493374 3.03211608
0.05684413 0.98679395 0.15175172 1.37443137
-0.12475716 -0.14378505 0.98172277 -0.97717874
0.00000000 0.00000000 0.00000000 1.00000000
145	145	146
0.99095702 -0.07362128 0.11227266 3.05070147
0.05635337 0.98710612 0.14989137 1.37802938
-0.12185927 -0.14220690 0.98231658 -0.98086041
0.00000000 0.00000000 0.00000000 1.00000000
146	146	147
0.99117088 -0.07240644 0.11116367 3.06333988
0.05532281 0.98718988 0.14973022 1.37725112
-0.12058094 -0.14225643 0.98246727 -0.98174524
0.00000000 0.00000000 0.00000000 1.00000000
147	147	148
0.99128443 -0.07141677 0.11079596 3.07304304
0.05466709 0.98756620 0.14746579 1.38129857
-0.11994968 -0.14012143 0.98285182 -0.98305017
0.00000000 0.00000000 0.00000000 1.00000000
148	148	149
0.99153560 -0.07014732 0.10934730 3.08593313
0.05390765 0.98797681 0.14497760 1.38678588
-0.11820174 -0.13785375 0.98338372 -0.98255854
0.00000000 0.00000000 0.00000000 1.00000000
149	149	150
0.99189891 -0.06878037 0.10689314 3.10160978
0.05320485 0.98840542 0.14228612 1.39224055
-0.11543995 -0.13544414 0.98404640 -0.98230593
0.00000000 0.00000000 0.00000000 1.00000000
150	150	151
0.99189891 -0.06878037 0.10689314 3.10160978
0.05320485 0.98840542 0.14228612 1.39224055
-0.11543995 -0.13544414 0.98404640 -0.98230593
0.00000000 0.00000000 0.00000000 1.00000000
151	151	152
0.99213456 -0.06796814 0.10521045 3.11489117
0.05263085 0.98844199 0.14224796 1.38975191
-0.11366236 -0.13558975 0.98423369 -0.97952409
0.00000000 0.00000000 0.00000000 1.00000000
152	152	153
0.99211225 -0.06754194 0.10570065 3.12195401
0.05219139 0.98852971 0.14179589 1.38621589
-0.11406520 -0.13515864 0.98424581 -0.97642849
0.00000000 0.00000000 0.00000000 1.00000000
153	153	154
0.99200779 -0.06749493 0.10670836 3.12744064
0.05212248 0.98867596 0.14080459 1.38333621
-0.11500326 -0.13411528 0.98427967 -0.97505226
0.00000000 0.00000000 0.00000000 1.00000000
154	154	155
0.99202195 -0.06688451 0.10696504 3.13457471
0.05173393 0.98900324 0.13862717 1.38306809
-0.11506064 -0.13198530 0.98456053 -0.97442974
0.00000000 0.00000000 0.00000000 1.00000000
155	155	156
0.99194811 -0.06626665 0.10802555 3.13954064
0.05136719 0.98948193 0.13530604 1.38559750
-0.11585550 -0.12866555 0.98490623 -0.97451481
0.00000000 0.00000000 0.00000000 1.00000000
156	156	157
0.99183484 -0.06570439 0.10939421 3.14378812
0.05083738 0.98974919 0.13354363 1.38372763
-0.11704692 -0.12688998 0.98499613 -0.97370484
0.00000000 0.00000000 0.00000000 1.00000000
157	157	158
0.99180011 -0.06504471 0.11010304 3.14991036
0.05062607 0.99035785 0.12903353 1.38964139
-0.11743406 -0.12239939 0.98551841 -0.97286324
0.00000000 0.00000000 0.00000000 1.00000000
158	158	159
0.99174792 -0.06466701 0.11079659 3.15593248
0.05052514 0.99075304 0.12600734 1.39144086
-0.11792030 -0.11936767 0.98583186 -0.97209268
0.00000000 0.00000000 0.00000000 1.00000000
159	159	160
0.99170089 -0.06377017 0.11173011 3.16155158
0.04992533 0.99120978 0.12260765 1.39387841
-0.11856628 -0.11601010 0.98615597 -0.97111249
0.00000000 0.00000000 0.00000000 1.00000000
160	160	161
0.99171455 -0.06346203 0.11178929 3.16940236
0.04994493 0.99154935 0.11982358 1.39499631
-0.11844853 -0.11324559 0.98649112 -0.97018999
0.00000000 0.00000000 0.00000000 1.00000000
161	161	162
0.99183344 -0.06293608 0.11102408 3.17963254
0.04995471 0.99199577 0.11606407 1.39867793
-0.11743974 -0.10956830 0.98702637 -0.97007755
0.00000000 0.00000000 0.00000000 1.00000000
162	162	163
0.99199094 -0.06241164 0.10990903 3.19101865
0.04996377 0.99239638 0.11258242 1.40177561
-0.11609963 -0.10618766 0.98755336 -0.96957130
0.00000000 0.00000000 0.00000000 1.00000000
163	163	164
0.99228012 -0.06126826 0.10792282 3.20493945
0.04947823 0.99285029 0.10872852 1.40575896
-0.11381263 -0.10254773 0.98820441 -0.96957412
0.00000000 0.00000000 0.00000000 1.00000000
164	164	165
0.99254935 -0.05996762 0.10616614 3.21835183
0.04883750 0.99333541 0.10450355 1.41052132
-0.11172529 -0.09853844 0.98885065 -0.96968822
0.00000000 0.00000000 0.00000000 1.00000000
165	165	166
0.99272034 -0.05758396 0.10588462 3.22876701
0.04701854 0.99391632 0.09970949 1.41753284
-0.11098186 -0.09400356 0.98937625 -0.96818412
0.00000000 0.00000000 0.00000000 1.00000000
166	166	167
0.99278488 -0.05445862 0.10692821 3.23664682
0.04420065 0.99440447 0.09606849 1.42228047
-0.11156140 -0.09064769 0.98962370 -0.96507932
0.00000000 0.00000000 0.00000000 1.00000000
167	167	168
0.99267900 -0.05270692 0.10877590 3.24378470
0.04254644 0.99470200 0.09370695 1.42336635
-0.11313828 -0.08839142 0.98964961 -0.96284715
0.00000000 0.00000000 0.00000000 1.00000000
168	168	169
0.99289801 -0.05165586 0.10726977 3.26056819
0.04167334 0.99477699 0.09330570 1.42124904
-0.11152892 -0.08817123 0.98985193 -0.95942932
0.00000000 0.00000000 0.00000000 1.00000000
169	169	170
0.99323111 -0.05050578 0.10470333 3.28062219
0.04088413 0.99492214 0.09209207 1.42165290
-0.10882264 -0.08718659 0.99024014 -0.95706768
0.00000000 0.00000000 0.00000000 1.00000000
170	170	171
0.99359705 -0.04909761 0.10185498 3.30202246
0.03964967 0.99490741 0.09279810 1.41706841
-0.10589211 -0.08816423 0.99047083 -0.95635248
0.00000000 0.00000000 0.00000000 1.00000000
171	171	172
0.99417006 -0.04698361 0.09716131 3.32921131
0.03814680 0.99514206 0.09089184 1.41987156
-0.10095954 -0.08665417 0.99111913 -0.95568391
0.00000000 0.00000000 0.00000000 1.00000000
172	172	173
0.99469260 -0.04466403 0.09280770 3.35579832
0.03636789 0.99535727 0.08924067 1.42207746
-0.09636266 -0.08539034 0.99168649 -0.95552415
0.00000000 0.00000000 0.00000000 1.00000000
173	173	174
0.99522851 -0.04250389 0.08794734 3.38483306
0.03464630 0.99543941 0.08902132 1.42067368
-0.09132991 -0.08554826 0.99214862 -0.95695994
0.00000000 0.00000000 0.00000000 1.00000000
174	174	175
0.99533974 -0.04047715 0.08764333 3.39436134
0.03274877 0.99560343 0.08789384 1.42170671
-0.09081560 -0.08461269 0.99227658 -0.95846851
0.00000000 0.00000000 0.00000000 1.00000000
175	175	176
0.99534931 -0.04016609 0.08768521 3.40128203
0.03247399 0.99565096 0.08745791 1.42102353
-0.09081665 -0.08420235 0.99231169 -0.95943755
0.00000000 0.00000000 0.00000000 1.00000000
176	176	177
0.99556667 -0.03890283 0.08576354 3.41290079
0.03147190 0.99577983 0.08635903 1.42225817
-0.08876117 -0.08327582 0.99257567 -0.96238220
0.00000000 0.00000000 0.00000000 1.00000000
177	177	178
0.99581674 -0.03742732 0.08349210 3.42597974
0.03024581 0.99587601 0.08568401 1.42250093
-0.08635461 -0.08279901 0.99282855 -0.96614487
0.00000000 0.00000000 0.00000000 1.00000000
178	178	179
0.99616106 -0.03561240 0.08011213 3.44185545
0.02887388 0.99608043 0.08375749 1.42625433
-0.08278093 -0.08112140 0.99327102 -0.97007365
0.00000000 0.00000000 0.00000000 1.00000000
179	179	180
0.99647771 -0.03369463 0.07694604 3.45733543
0.02738804 0.99630176 0.08159906 1.43070764
-0.07941095 -0.07920284 0.99370143 -0.97378830
0.00000000 0.00000000 0.00000000 1.00000000
180	180	181
0.99676801 -0.03171472 0.07396382 3.47235665
0.02578229 0.99648723 0.07983254 1.43419922
-0.07623590 -0.07766612 0.99407146 -0.97764331
0.00000000 0.00000000 0.00000000 1.00000000
181	181	182
0.99693978 -0.02877420 0.07285445 3.48245541
0.02301450 0.99664477 0.07870312 1.43659642
-0.07487481 -0.07678407 0.99424349 -0.98011839
0.00000000 0.00000000 0.00000000 1.00000000
182	182	183
0.99707575 -0.02620608 0.07195326 3.49249343
0.02049718 0.99667902 0.07896964 1.43634360
-0.07378385 -0.07726239 0.99428861 -0.98078505
0.00000000 0.00000000 0.00000000 1.00000000
183	183	184
0.99731474 -0.02414850 0.06931184 3.50688966
0.01855001 0.99660995 0.08031413 1.43389038
-0.07101654 -0.07881134 0.99436793 -0.98096878
0.00000000 0.00000000 0.00000000 1.00000000
184	184	185
0.99753543 -0.02249872 0.06663984 3.52180966
0.01699241 0.99649461 0.08207786 1.43067715
-0.06825287 -0.08074182 0.99440723 -0.98046741
0.00000000 0.00000000 0.00000000 1.00000000
185	185	186
0.99777058 -0.02039190 0.06374156 3.53678903
0.01502203 0.99639755 0.08362113 1.42793607
-0.06521738 -0.08247570 0.99446843 -0.98053770
0.00000000 0.00000000 0.00000000 1.00000000
186	186	187
0.99800101 -0.01862352 0.06061074 3.55263215
0.01339510 0.99625623 0.08555926 1.42433415
-0.06197748 -0.08457475 0.99449983 -0.98016679
0.00000000 0.00000000 0.00000000 1.00000000
187	187	188
0.99824776 -0.01755379 0.05673156 3.57047566
0.01252036 0.99606504 0.08789582 1.41987651
-0.05805148 -0.08703000 0.99452442 -0.97989452
0.00000000 0.00000000 0.00000000 1.00000000
188	188	189
0.99846128 -0.01592621 0.05334872 3.58703802
0.01109973 0.99593096 0.08958139 1.41712401
-0.05455859 -0.08884977 0.99456179 -0.97944916
0.00000000 0.00000000 0.00000000 1.00000000
189	189	190
0.99863927 -0.01492860 0.05021477 3.60319748
0.01028707 0.99576923 0.09145972 1.41411338
-0.05136803 -0.09081711 0.99455339 -0.97920624
0.00000000 0.00000000 0.00000000 1.00000000
190	190	191
0.99882765 -0.01393547 0.04662831 3.62042431
0.00952847 0.99559332 0.09344105 1.41085123
-0.04772545 -0.09288568 0.99454369 -0.97883050
0.00000000 0.00000000 0.00000000 1.00000000
191	191	192
0.99901493 -0.01261696 0.04283105 3.63788228
0.00850104 0.99545841 0.09496209 1.40886281
-0.04383504 -0.09450285 0.99457060 -0.97865387
0.00000000 0.00000000 0.00000000 1.00000000
192	192	193
0.99917128 -0.01182366 0.03926942 3.65506937
0.00798092 0.99530340 0.09661663 1.40660568
-0.04022784 -0.09622145 0.99455871 -0.97867624
0.00000000 0.00000000 0.00000000 1.00000000
193	193	194
0.99929844 -0.01104377 0.03614583 3.67133102
0.00746274 0.99519580 0.09775754 1.40563528
-0.03705238 -0.09741750 0.99456537 -0.97895385
0.00000000 0.00000000 0.00000000 1.00000000
194	194	195
0.99940054 -0.01004640 0.03351415 3.68614846
0.00667672 0.99505994 0.09919288 1.40400785
-0.03434573 -0.09890799 0.99451566 -0.97886270
0.00000000 0.00000000 0.00000000 1.00000000
195	195	196
0.99950606 -0.00928460 0.03043070 3.70230276
0.00620198 0.99499409 0.09988217 1.40423558
-0.03120632 -0.09964248 0.99454566 -0.97942383
0.00000000 0.00000000 0.00000000 1.00000000
196	196	197
0.99962463 -0.00805713 0.02668035 3.71968705
0.00533400 0.99492555 0.10061556 1.40475092
-0.02735630 -0.10043378 0.99457974 -0.97976586
0.00000000 0.00000000 0.00000000 1.00000000
197	197	198
0.99971513 -0.00734004 0.02326544 3.73654230
0.00494511 0.99484884 0.10138512 1.40478524
-0.02389059 -0.10123958 0.99458637 -0.98054386
0.00000000 0.00000000 0.00000000 1.00000000
198	198	199
0.99978153 -0.00619315 0.02058613 3.75135460
0.00405996 0.99477884 0.10210804 1.40524480
-0.02111186 -0.10200057 0.99457168 -0.98109435
0.00000000 0.00000000 0.00000000 1.00000000
199	199	200
0.99987807 -0.00488209 0.01569852 3.77147396
0.00324762 0.99473869 0.10252269 1.40673097
-0.01611743 -0.10245729 0.99461888 -0.98209031
0.00000000 0.00000000 0.00000000 1.00000000
200	200	201
0.99987807 -0.00488209 0.01569852 3.77147396
0.00324762 0.99473869 0.10252269 1.40673097
-0.01611743 -0.10245729 0.99461888 -0.98209031
0.00000000 0.00000000 0.00000000 1.00000000
201	201	202
0.99995650 -0.00351298 0.01010993 3.79350145
0.00246278 0.99478409 0.10210322 1.40995098
-0.01041696 -0.10207195 0.99473424 -0.98428209
0.00000000 0.00000000 0.00000000 1.00000000
202	202	203
0.99999963 -0.00200744 0.00490095 3.81466305
0.00149515 0.99475222 0.10243305 1.41162731
-0.00508203 -0.10242382 0.99473924 -0.98590092
0.00000000 0.00000000 0.00000000 1.00000000
203	203	204
1.00001307 -0.00033422 -0.00053141 3.83645429
0.00038730 0.99472728 0.10268748 1.41357067
0.00049307 -0.10268718 0.99472536 -0.98749487
0.00000000 0.00000000 0.00000000 1.00000000
204	204	205
1.00000120 0.00146132 -0.00456758 3.85509428
-0.00097866 0.99460217 0.10388615 1.41274183
0.00469340 -0.10388002 0.99459011 -0.98969543
0.00000000 0.00000000 0.00000000 1.00000000
205	205	206
0.99995296 0.00328450 -0.01035627 3.87794550
-0.00218848 0.99457776 0.10409655 1.41478175
0.01064063 -0.10406719 0.99452506 -0.99128088
0.00000000 0.00000000 0.00000000 1.00000000
206	206	207
0.99987989 0.00546704 -0.01534152 3.89893858
-0.00382615 0.99447748 0.10500331 1.41491682
0.01582942 -0.10493011 0.99436551 -0.99311723
0.00000000 0.00000000 0.00000000 1.00000000
207	207	208
0.99977016 0.00755206 -0.02069744 3.92099711
-0.00532218 0.99439315 0.10574050 1.41536527
0.02137840 -0.10560420 0.99419007 -0.99518267
0.00000000 0.00000000 0.00000000 1.00000000
208	208	209
0.99965256 0.00979012 -0.02499198 3.94060463
-0.00706892 0.99427628 0.10672928 1.41502721
0.02589222 -0.10651363 0.99398601 -0.99744707
0.00000000 0.00000000 0.00000000 1.00000000
209	209	210
0.99946864 0.01193513 -0.03076314 3.96365431
-0.00857285 0.99421515 0.10719030 1.41621611
0.03186286 -0.10686774 0.99377421 -0.99930084
0.00000000 0.00000000 0.00000000 1.00000000
210	210	211
