0	0	1
1.0 0.0 -0.0 -0.0
0.0 1.0 0.0 -1.0e-7
-0.0 0.0 1.0000001 1.0e-7
0.0 0.0 0.0 1.0
1	1	2
0.9999478 -0.0026137 0.0098881 0.006538
0.0026466 0.9999911 -0.0033132 -0.0101275
-0.0098794 0.0033393 0.9999456 -0.0019183
0.0 0.0 0.0 1.0
2	2	3
0.9998655 -0.0051861 0.0155589 0.0217965
0.0052807 0.9999679 -0.0060424 -0.0213802
-0.0155271 0.0061237 0.9998608 -0.0065795
0.0 0.0 0.0 1.0
3	3	4
0.9996768 -0.0068685 0.0244747 0.032449
0.007098 0.9999316 -0.0093006 -0.0304454
-0.0244092 0.0094713 0.9996573 -0.0084532
0.0 0.0 0.0 1.0
4	4	5
0.9994605 -0.0091903 0.0315309 0.0465326
0.0095302 0.999898 -0.0106459 -0.0430497
-0.0314299 0.0109407 0.9994461 -0.009874
0.0 0.0 0.0 1.0
5	5	6
0.9992338 -0.0124198 0.0371152 0.0639065
0.0129948 0.9997988 -0.01529 -0.0502053
-0.0369178 0.0157606 0.9991941 -0.0167993
0.0 0.0 0.0 1.0
6	6	7
0.9987704 -0.0127057 0.0479202 0.0722101
0.0136037 0.9997371 -0.0184599 -0.0594433
-0.0476731 0.0190891 0.9986807 -0.0170414
0.0 0.0 0.0 1.0
7	7	8
0.9984378 -0.0151614 0.0537789 0.0890185
0.0163718 0.9996209 -0.0221385 -0.0689587
-0.053423 0.0229844 0.9983075 -0.0238984
0.0 0.0 0.0 1.0
8	8	9
0.9981945 -0.0179861 0.0573078 0.110428
0.0194291 0.9995056 -0.0247217 -0.0799915
-0.0568348 0.0257905 0.9980505 -0.0283458
0.0 0.0 0.0 1.0
9	9	10
0.9976355 -0.0200906 0.0657261 0.1222215
0.0219034 0.999396 -0.0269771 -0.0896967
-0.0651444 0.0283529 0.9974731 -0.0318264
0.0 0.0 0.0 1.0
10	10	11
0.9972312 -0.0222048 0.0709697 0.1407079
0.0244772 0.9992101 -0.0313102 -0.0981951
-0.0702184 0.0329606 0.996987 -0.0369846
0.0 0.0 0.0 1.0
11	11	12
0.9965211 -0.0249287 0.0795255 0.1499941
0.0277412 0.999021 -0.0344585 -0.107592
-0.0785887 0.0365448 0.996237 -0.0410628
0.0 0.0 0.0 1.0
12	12	13
0.9960186 -0.0263152 0.0851716 0.165754
0.029433 0.9989341 -0.0355598 -0.121319
-0.0841451 0.037925 0.9957315 -0.0457367
0.0 0.0 0.0 1.0
13	13	14
0.9953287 -0.0275438 0.0925292 0.1769726
0.0313578 0.9987068 -0.0400208 -0.1283258
-0.0913073 0.0427354 0.9949054 -0.0479732
0.0 0.0 0.0 1.0
14	14	15
0.9945247 -0.031121 0.0997605 0.1847868
0.0353605 0.9985328 -0.041013 -0.1414693
-0.0983378 0.0443161 0.9941659 -0.054528
0.0 0.0 0.0 1.0
15	15	16
0.993681 -0.0332515 0.1072029 0.1922668
0.0378927 0.9984176 -0.04155 -0.1556479
-0.1056517 0.0453497 0.9933687 -0.0587303
0.0 0.0 0.0 1.0
16	16	17
0.9927596 -0.0346252 0.1150188 0.1984818
0.0394523 0.9984222 -0.039959 -0.1748377
-0.1134539 0.0442075 0.9925593 -0.0644743
0.0 0.0 0.0 1.0
17	17	18
0.9917461 -0.0377746 0.1225275 0.2023288
0.042956 0.998279 -0.0399241 -0.1910025
-0.1208085 0.0448579 0.9916618 -0.0694163
0.0 0.0 0.0 1.0
18	18	19
0.9904405 -0.0416511 0.1315017 0.1991877
0.0470429 0.9981636 -0.0381629 -0.2087833
-0.1296708 0.0439843 0.9905812 -0.0740493
0.0 0.0 0.0 1.0
19	19	20
0.9892471 -0.0431852 0.1397337 0.1981222
0.0488755 0.9980989 -0.0375489 -0.2272074
-0.1378465 0.0439747 0.989477 -0.0786695
0.0 0.0 0.0 1.0
20	20	21
0.988891 -0.0446102 0.1417905 0.1952827
0.0500411 0.9981349 -0.0349681 -0.2341507
-0.1399662 0.041675 0.989279 -0.0814413
0.0 0.0 0.0 1.0
21	21	22
0.9882452 -0.045321 0.1460049 0.1929916
0.0510332 0.9980617 -0.0356157 -0.241662
-0.1441077 0.0426481 0.9886426 -0.0828516
0.0 0.0 0.0 1.0
22	22	23
0.9875762 -0.0469029 0.149979 0.189383
0.0526404 0.9980169 -0.0345152 -0.2499801
-0.1480628 0.0419814 0.9880867 -0.0850076
0.0 0.0 0.0 1.0
23	23	24
0.9867374 -0.0483259 0.1549649 0.181957
0.0538048 0.998059 -0.0313556 -0.2646058
-0.1531488 0.0392776 0.9874223 -0.0895583
0.0 0.0 0.0 1.0
24	24	25
0.9860858 -0.0502781 0.1584524 0.1769301
0.055444 0.9980594 -0.0283487 -0.2782893
-0.1567196 0.0367395 0.9869598 -0.0933856
0.0 0.0 0.0 1.0
25	25	26
0.9852674 -0.0528982 0.1626352 0.1703862
0.0579562 0.9979671 -0.0265117 -0.2898812
-0.1609021 0.0355468 0.9863301 -0.0954671
0.0 0.0 0.0 1.0
26	26	27
0.9843256 -0.0543914 0.1677641 0.1607993
0.0594542 0.9979103 -0.0253007 -0.3003186
-0.1660374 0.0348784 0.9855025 -0.0976175
0.0 0.0 0.0 1.0
27	27	28
0.9833894 -0.0572723 0.1722368 0.1517251
0.0619122 0.997846 -0.0216842 -0.316238
-0.1706239 0.0319876 0.984817 -0.1012664
0.0 0.0 0.0 1.0
28	28	29
0.982439 -0.0591008 0.176977 0.1418297
0.0633632 0.9978186 -0.0185249 -0.3304755
-0.1754961 0.0294134 0.9840407 -0.1039425
0.0 0.0 0.0 1.0
29	29	30
0.9814712 -0.0612883 0.1815436 0.1313148
0.0655063 0.9977018 -0.0173243 -0.3415674
-0.1800646 0.0288956 0.9832304 -0.1057929
0.0 0.0 0.0 1.0
30	30	31
0.9798335 -0.0642546 0.189203 0.1139619
0.0675895 0.9976501 -0.0112199 -0.3625225
-0.1880375 0.0237818 0.981874 -0.1075474
0.0 0.0 0.0 1.0
31	31	32
0.9788934 -0.0667551 0.1931615 0.103958
0.0698302 0.9975169 -0.0091472 -0.3758348
-0.1920713 0.0224426 0.9811243 -0.1121573
0.0 0.0 0.0 1.0
32	32	33
0.9777312 -0.069687 0.1979538 0.0906119
0.0724523 0.9973491 -0.0067519 -0.388476
-0.1969585 0.0209437 0.9801883 -0.114666
0.0 0.0 0.0 1.0
33	33	34
0.9761368 -0.0719196 0.2049019 0.0736772
0.0739116 0.9972627 -0.0020746 -0.407296
-0.2041918 0.0171697 0.9787804 -0.1156788
0.0 0.0 0.0 1.0
34	34	35
0.9746325 -0.0748421 0.2109273 0.0581091
0.0763693 0.9970793 0.0009083 -0.4217675
-0.2103792 0.0152231 0.9775015 -0.1166099
0.0 0.0 0.0 1.0
35	35	36
0.9731978 -0.0784307 0.2161822 0.0438039
0.0789673 0.9968582 0.0061686 -0.4413556
-0.2159868 0.0110681 0.9763337 -0.1207198
0.0 0.0 0.0 1.0
36	36	37
0.9716017 -0.0806445 0.2224561 0.0277201
0.0808553 0.9966924 0.0081755 -0.4535012
-0.2223796 0.0100434 0.9749085 -0.1203304
0.0 0.0 0.0 1.0
37	37	38
0.9704454 -0.0844128 0.226076 0.015877
0.0840816 0.996397 0.0111116 -0.4679942
-0.2261994 0.0082256 0.9740463 -0.1247677
0.0 0.0 0.0 1.0
38	38	39
0.9685882 -0.0866636 0.2330797 -0.0033551
0.0852422 0.9962289 0.0161842 -0.486417
-0.2336033 0.0041924 0.972323 -0.1279971
0.0 0.0 0.0 1.0
39	39	40
0.9674017 -0.089867 0.2367657 -0.0158238
0.0876271 0.9959529 0.019989 -0.5022874
-0.2376038 0.0014097 0.9713613 -0.1322242
0.0 0.0 0.0 1.0
40	40	41
0.9654897 -0.0921216 0.2436047 -0.0339176
0.0888829 0.9957462 0.024278 -0.5184574
-0.244805 -0.0017878 0.9695708 -0.1327546
0.0 0.0 0.0 1.0
41	41	42
0.9638546 -0.093904 0.249332 -0.0518668
0.0897454 0.9955706 0.0280213 -0.5367562
-0.2508589 -0.0046321 0.9680127 -0.1369229
0.0 0.0 0.0 1.0
42	42	43
0.9623365 -0.0973068 0.2538496 -0.0654007
0.0923993 0.9952327 0.0312142 -0.5505904
-0.2556769 -0.006583 0.96674 -0.1396086
0.0 0.0 0.0 1.0
43	43	44
0.960973 -0.1012524 0.2574465 -0.0764055
0.0952325 0.9948118 0.0357793 -0.5665526
-0.2597337 -0.0098657 0.9656298 -0.1425631
0.0 0.0 0.0 1.0
44	44	45
0.9592417 -0.1043277 0.2626236 -0.0915425
0.0975393 0.9944754 0.0387916 -0.5797722
-0.2652198 -0.0115944 0.9641183 -0.1453657
0.0 0.0 0.0 1.0
45	45	46
0.9578363 -0.1076341 0.2663913 -0.1041412
0.1000904 0.9941009 0.0417768 -0.5932005
-0.2693165 -0.0133521 0.9629592 -0.1500306
0.0 0.0 0.0 1.0
46	46	47
0.9554611 -0.1106986 0.2735692 -0.1230789
0.100997 0.9936624 0.0493419 -0.616872
-0.2772976 -0.0195146 0.9605858 -0.1505215
0.0 0.0 0.0 1.0
47	47	48
0.954355 -0.1146818 0.2757797 -0.1315999
0.1041223 0.9931682 0.0526822 -0.6302334
-0.2799374 -0.0215627 0.9597761 -0.1577368
0.0 0.0 0.0 1.0
48	48	49
0.9526816 -0.117686 0.2802633 -0.1451556
0.1056614 0.9927272 0.0576902 -0.6473552
-0.2850144 -0.0253473 0.958188 -0.1609401
0.0 0.0 0.0 1.0
49	49	50
0.9515386 -0.1207677 0.2828238 -0.1535557
0.1077474 0.9922923 0.0612081 -0.6620742
-0.288036 -0.0277683 0.9572169 -0.1662488
0.0 0.0 0.0 1.0
50	50	51
0.9497198 -0.1233012 0.2878006 -0.1651561
0.1085222 0.9918459 0.0668175 -0.6781814
-0.2936926 -0.0322252 0.9553566 -0.1660942
0.0 0.0 0.0 1.0
51	51	52
0.948604 -0.1268748 0.2899192 -0.173163
0.1107939 0.9912829 0.0712935 -0.6937442
-0.2964374 -0.035508 0.954392 -0.1744726
0.0 0.0 0.0 1.0
52	52	53
0.946798 -0.1282295 0.2951788 -0.186395
0.1106814 0.9909854 0.0754818 -0.7063926
-0.302197 -0.0387952 0.9524557 -0.1762172
0.0 0.0 0.0 1.0
53	53	54
0.9448093 -0.1318108 0.2999353 -0.1983857
0.1122034 0.9903156 0.0817627 -0.7254313
-0.3078079 -0.0435964 0.9504492 -0.178411
0.0 0.0 0.0 1.0
54	54	55
0.9450871 -0.1341697 0.298008 -0.1929257
0.1150854 0.9900661 0.0807736 -0.7264185
-0.3058851 -0.0420417 0.9511398 -0.1878571
0.0 0.0 0.0 1.0
55	55	56
0.9426917 -0.1353616 0.3049746 -0.2073929
0.1151665 0.989843 0.0833518 -0.7348964
-0.3131596 -0.0434522 0.948706 -0.1852727
0.0 0.0 0.0 1.0
56	56	57
0.9413362 -0.1379855 0.3079708 -0.2174732
0.1151766 0.989155 0.0911423 -0.7582634
-0.3172072 -0.0503245 0.9470201 -0.1926257
0.0 0.0 0.0 1.0
57	57	58
0.940478 -0.1403346 0.3095277 -0.2198402
0.1157409 0.9885775 0.0965338 -0.7735938
-0.3195391 -0.0549629 0.9459776 -0.199171
0.0 0.0 0.0 1.0
58	58	59
0.9395888 -0.1426719 0.3111552 -0.2204206
0.1178434 0.988255 0.0972888 -0.776778
-0.3213811 -0.0547439 0.9453661 -0.2028523
0.0 0.0 0.0 1.0
59	59	60
0.9386889 -0.1445572 0.312995 -0.2210106
0.1183919 0.9878013 0.1011539 -0.7881255
-0.3237994 -0.057896 0.9443526 -0.2080024
0.0 0.0 0.0 1.0
60	60	61
0.9386492 -0.1453028 0.3127692 -0.2153635
0.1184456 0.9875698 0.103328 -0.7930152
-0.3238952 -0.0599426 0.9441921 -0.2146576
0.0 0.0 0.0 1.0
61	61	62
0.9381437 -0.1466603 0.3136507 -0.2128864
0.1184965 0.9871555 0.1071569 -0.8025758
-0.3253376 -0.0633621 0.9434727 -0.2207509
0.0 0.0 0.0 1.0
62	62	63
0.9375022 -0.1478764 0.3149953 -0.2103844
0.1184482 0.9867688 0.1107138 -0.8112648
-0.3271994 -0.0664838 0.9426135 -0.2246212
0.0 0.0 0.0 1.0
63	63	64
0.9377257 -0.1486635 0.3139584 -0.2001256
0.1188046 0.9865466 0.1122995 -0.8143924
-0.3264293 -0.0680064 0.9427719 -0.2329708
0.0 0.0 0.0 1.0
64	64	65
0.9372202 -0.1488908 0.3153566 -0.2019641
0.1191225 0.9865687 0.1117687 -0.8139706
-0.3277622 -0.0671858 0.9423681 -0.233784
0.0 0.0 0.0 1.0
65	65	66
0.9372985 -0.1490503 0.3150482 -0.1953452
0.1188721 0.9864542 0.1130388 -0.815441
-0.327629 -0.0685007 0.9423199 -0.2340978
0.0 0.0 0.0 1.0
66	66	67
0.9373499 -0.1494024 0.3147285 -0.1891035
0.1186698 0.98628 0.1147576 -0.818403
-0.3275554 -0.0702192 0.942219 -0.2376776
0.0 0.0 0.0 1.0
67	67	68
0.9376358 -0.148871 0.3141278 -0.1821096
0.1176382 0.9862282 0.1162553 -0.82078
-0.3271088 -0.0720517 0.9422358 -0.2430594
0.0 0.0 0.0 1.0
68	68	69
0.937437 -0.1485905 0.3148535 -0.1780825
0.1166231 0.9861229 0.1181558 -0.8238722
-0.3280411 -0.0740444 0.941757 -0.2457695
0.0 0.0 0.0 1.0
69	69	70
0.9378968 -0.1493199 0.3131344 -0.1679388
0.117788 0.9860727 0.117417 -0.8207886
-0.3263059 -0.0732416 0.9424224 -0.2504944
0.0 0.0 0.0 1.0
70	70	71
0.9381021 -0.1494395 0.3124612 -0.1607176
0.1167572 0.9857718 0.120921 -0.827799
-0.3260858 -0.0769541 0.9422027 -0.2562261
0.0 0.0 0.0 1.0
71	71	72
0.9390069 -0.1500422 0.3094407 -0.1470118
0.1170145 0.9855123 0.1227731 -0.830587
-0.3233788 -0.0790757 0.9429597 -0.2637626
0.0 0.0 0.0 1.0
72	72	73
0.939418 -0.149865 0.3082762 -0.1378732
0.1169886 0.9855363 0.1226052 -0.8283766
-0.3221916 -0.0791127 0.943363 -0.2685818
0.0 0.0 0.0 1.0
73	73	74
0.939572 -0.1492796 0.3080906 -0.1297323
0.1158579 0.9854745 0.1241661 -0.8286978
-0.3221508 -0.0809682 0.9432195 -0.2700066
0.0 0.0 0.0 1.0
74	74	75
0.9407136 -0.1487377 0.3048524 -0.1134439
0.1156484 0.9855238 0.1239699 -0.8249265
-0.3188783 -0.0813645 0.9442968 -0.2787351
0.0 0.0 0.0 1.0
75	75	76
0.9408829 -0.1479153 0.30473 -0.1068014
0.1146375 0.985582 0.1244452 -0.8241366
-0.3187437 -0.0821549 0.9442738 -0.2824412
0.0 0.0 0.0 1.0
76	76	77
0.9413203 -0.1488904 0.3028991 -0.0950939
0.1144772 0.9850855 0.1284589 -0.8312092
-0.3175078 -0.0862459 0.9443253 -0.2887188
0.0 0.0 0.0 1.0
77	77	78
0.9417617 -0.1479754 0.3019739 -0.0845559
0.1136205 0.9851893 0.128423 -0.8282208
-0.3165049 -0.0866334 0.9446265 -0.293237
0.0 0.0 0.0 1.0
78	78	79
0.9430239 -0.1476065 0.2981916 -0.0672523
0.1130422 0.9850351 0.1301047 -0.8292676
-0.3129335 -0.0889836 0.9455975 -0.3004548
0.0 0.0 0.0 1.0
79	79	80
0.9439064 -0.1481293 0.2951241 -0.0515868
0.1136398 0.9848654 0.1308674 -0.8282942
-0.3100428 -0.0899887 0.9464541 -0.3071034
0.0 0.0 0.0 1.0
80	80	81
0.9439426 -0.1473638 0.2953916 -0.0428205
0.1129968 0.9850132 0.1303112 -0.8222658
-0.3101677 -0.089628 0.9464474 -0.3112777
0.0 0.0 0.0 1.0
81	81	82
0.94486 -0.147005 0.2926242 -0.0278886
0.1113369 0.9845553 0.1351114 -0.8311817
-0.3079668 -0.0950815 0.9466339 -0.3179371
0.0 0.0 0.0 1.0
82	82	83
0.946031 -0.1458499 0.2894014 -0.0105322
0.1107637 0.9847439 0.1342046 -0.8248208
-0.3045599 -0.0949065 0.9477531 -0.3248124
0.0 0.0 0.0 1.0
83	83	84
0.9467227 -0.1462479 0.2869282 0.0045381
0.1104648 0.9843579 0.1372496 -0.8282365
-0.3025125 -0.0982418 0.948069 -0.3302237
0.0 0.0 0.0 1.0
84	84	85
0.9477372 -0.1450121 0.2841927 0.0202448
0.1090151 0.9843149 0.1387086 -0.8274344
-0.2998494 -0.1004779 0.9486803 -0.339039
0.0 0.0 0.0 1.0
85	85	86
0.9479328 -0.1440706 0.2840191 0.0311744
0.1081093 0.9844384 0.138541 -0.8219719
-0.299559 -0.1006224 0.9487567 -0.342396
0.0 0.0 0.0 1.0
86	86	87
0.949229 -0.143835 0.2797784 0.0510125
0.1076312 0.9841708 0.1407957 -0.8235782
-0.2956011 -0.1035344 0.9496844 -0.3483668
0.0 0.0 0.0 1.0
87	87	88
0.9495377 -0.1426014 0.2793619 0.0620263
0.106074 0.9841895 0.141843 -0.8210498
-0.295172 -0.1050522 0.9496512 -0.3533495
0.0 0.0 0.0 1.0
88	88	89
0.9506845 -0.1418003 0.2758476 0.0812111
0.1053943 0.9841431 0.1426698 -0.8189792
-0.291704 -0.1065612 0.9505543 -0.3580294
0.0 0.0 0.0 1.0
89	89	90
0.9521586 -0.1394202 0.2719485 0.1009581
0.1040108 0.9845877 0.1406024 -0.808772
-0.2873599 -0.1055902 0.9519848 -0.3660664
0.0 0.0 0.0 1.0
90	90	91
0.9529238 -0.1398265 0.2690445 0.1178379
0.1036688 0.9840935 0.1442659 -0.8141302
-0.2849372 -0.1095829 0.9522617 -0.3731738
0.0 0.0 0.0 1.0
91	91	92
0.9539789 -0.1368855 0.2668084 0.1339152
0.1009246 0.9843912 0.1441818 -0.8078316
-0.2823801 -0.1106189 0.9529034 -0.377751
0.0 0.0 0.0 1.0
92	92	93
0.9547277 -0.1372147 0.2639454 0.1519144
0.1011091 0.984122 0.1458801 -0.8086772
-0.2797713 -0.1125885 0.953442 -0.3860756
0.0 0.0 0.0 1.0
93	93	94
0.9556778 -0.1362246 0.2610035 0.1697589
0.0999055 0.9839661 0.1477488 -0.807862
-0.2769456 -0.1151245 0.953964 -0.3913477
0.0 0.0 0.0 1.0
94	94	95
0.9566182 -0.1347724 0.2582986 0.1869075
0.0992002 0.9842729 0.1461724 -0.7978772
-0.2739362 -0.1142079 0.9549427 -0.3968224
0.0 0.0 0.0 1.0
95	95	96
0.9574341 -0.1329834 0.256194 0.2020105
0.0977746 0.9844962 0.1456278 -0.7908008
-0.2715881 -0.1143798 0.9555926 -0.4031936
0.0 0.0 0.0 1.0
96	96	97
0.9582769 -0.1319196 0.2535796 0.2195519
0.095431 0.9838842 0.1512124 -0.8005877
-0.2694408 -0.120704 0.9554225 -0.4114169
0.0 0.0 0.0 1.0
97	97	98
0.9593969 -0.130703 0.2499485 0.2399343
0.0952888 0.9842464 0.1489274 -0.7886538
-0.2654762 -0.1190632 0.9567373 -0.4185534
0.0 0.0 0.0 1.0
98	98	99
0.9607439 -0.1295117 0.2453524 0.2618352
0.0939338 0.9839722 0.1515762 -0.7896911
-0.2610508 -0.1225791 0.9575108 -0.4273918
0.0 0.0 0.0 1.0
99	99	100
0.9615181 -0.1285731 0.2428002 0.2796689
0.0928461 0.9838101 0.153288 -0.7888764
-0.258578 -0.1248461 0.9578887 -0.4292798
0.0 0.0 0.0 1.0
100	100	101
0.9622924 -0.1269589 0.2405714 0.2955486
0.0919174 0.9841437 0.1516986 -0.7787224
-0.2560162 -0.1238657 0.9587036 -0.436779
0.0 0.0 0.0 1.0
101	101	102
0.9634574 -0.125093 0.2368578 0.315489
0.0902623 0.9841557 0.1526115 -0.7758583
-0.2521956 -0.1256553 0.9594832 -0.444915
0.0 0.0 0.0 1.0
102	102	103
0.9641294 -0.1243054 0.2345264 0.331165
0.0904064 0.9845189 0.1501646 -0.7642782
-0.249562 -0.1235754 0.9604415 -0.453155
0.0 0.0 0.0 1.0
103	103	104
0.9655306 -0.1218948 0.2299832 0.3555647
0.0886392 0.9847358 0.1497949 -0.756637
-0.244732 -0.124246 0.9615971 -0.4567859
0.0 0.0 0.0 1.0
104	104	105
0.966702 -0.1206435 0.225682 0.377338
0.0870755 0.9843481 0.153221 -0.760568
-0.2406348 -0.1284677 0.9620763 -0.4655304
0.0 0.0 0.0 1.0
105	105	106
0.9683579 -0.1195509 0.2190678 0.4058444
0.087585 0.9847605 0.1502522 -0.7464816
-0.233692 -0.1263108 0.9640714 -0.4717522
0.0 0.0 0.0 1.0
106	106	107
0.9685426 -0.1192482 0.2184146 0.4183612
0.085837 0.9839312 0.1565615 -0.7584096
-0.2335746 -0.1328885 0.9632152 -0.4781556
0.0 0.0 0.0 1.0
107	107	108
0.9689673 -0.1170414 0.2177238 0.432373
0.0833041 0.9838918 0.1581689 -0.7575538
-0.232729 -0.1351232 0.963109 -0.4850238
0.0 0.0 0.0 1.0
108	108	109
0.9701263 -0.1155415 0.2133195 0.4553052
0.0823327 0.9839207 0.1584975 -0.7534304
-0.2282025 -0.1361994 0.9640402 -0.4923808
0.0 0.0 0.0 1.0
109	109	110
0.9706813 -0.1145849 0.2113002 0.4712084
0.0812982 0.9837623 0.1600074 -0.7512642
-0.2262036 -0.1381378 0.9642353 -0.497543
0.0 0.0 0.0 1.0
110	110	111
0.9713764 -0.1119154 0.20953 0.4862823
0.0785293 0.9837608 0.1613924 -0.7486238
-0.2241898 -0.1403185 0.9643908 -0.5022534
0.0 0.0 0.0 1.0
111	111	112
0.9727932 -0.1112054 0.2032408 0.51295
0.0788195 0.9837968 0.1610328 -0.7434603
-0.2178553 -0.1406322 0.9657959 -0.5122046
0.0 0.0 0.0 1.0
112	112	113
0.9730746 -0.109927 0.202588 0.5258544
0.0768009 0.9833511 0.1646882 -0.7468433
-0.2173189 -0.1446949 0.9653165 -0.5140611
0.0 0.0 0.0 1.0
113	113	114
0.9738422 -0.1082289 0.1997942 0.5427047
0.0759552 0.9837514 0.1626775 -0.735454
-0.2141543 -0.1432468 0.9662393 -0.5206636
0.0 0.0 0.0 1.0
114	114	115
0.9746264 -0.107229 0.1964822 0.5637118
0.0748139 0.9833584 0.1655566 -0.7379042
-0.2109649 -0.1466562 0.9664294 -0.5264068
0.0 0.0 0.0 1.0
115	115	116
0.9757989 -0.1044751 0.192097 0.5853711
0.0729325 0.9836753 0.1645112 -0.7295634
-0.2061484 -0.1465197 0.9674889 -0.5341937
0.0 0.0 0.0 1.0
116	116	117
0.977096 -0.1033908 0.1859937 0.6118834
0.0729653 0.9838282 0.1635791 -0.7232297
-0.1998984 -0.1462613 0.9688386 -0.5408965
0.0 0.0 0.0 1.0
117	117	118
0.9778212 -0.102385 0.1827101 0.6314236
0.0717925 0.9833683 0.1668322 -0.7270568
-0.1967524 -0.1500148 0.9689087 -0.5468632
0.0 0.0 0.0 1.0
118	118	119
0.9783718 -0.1008985 0.1805768 0.6467512
0.0706191 0.9834436 0.1668888 -0.7211735
-0.194426 -0.1505271 0.9692988 -0.5515037
0.0 0.0 0.0 1.0
119	119	120
0.9791571 -0.0988736 0.1774123 0.6658361
0.0691636 0.9836196 0.1664597 -0.7159818
-0.1909647 -0.1507197 0.9699568 -0.5570108
0.0 0.0 0.0 1.0
120	120	121
0.9798477 -0.0971919 0.174505 0.683469
0.0672282 0.9831346 0.170078 -0.7200943
-0.1880921 -0.1549189 0.9698565 -0.5609388
0.0 0.0 0.0 1.0
121	121	122
0.9804635 -0.0955455 0.1719372 0.6996712
0.066202 0.983397 0.1689605 -0.7118058
-0.185226 -0.154277 0.9705101 -0.5705105
0.0 0.0 0.0 1.0
122	122	123
0.9812265 -0.0930795 0.1689096 0.7178956
0.0644226 0.9837071 0.1678402 -0.7035826
-0.18178 -0.1538076 0.971236 -0.5760626
0.0 0.0 0.0 1.0
123	123	124
0.9821562 -0.0920078 0.1640233 0.7406766
0.064705 0.9842276 0.1646489 -0.6904306
-0.1765853 -0.1510978 0.9726188 -0.582551
0.0 0.0 0.0 1.0
124	124	125
0.9832947 -0.0909938 0.1576431 0.7680373
0.064427 0.9839991 0.1661168 -0.6903978
-0.1702363 -0.1531853 0.9734239 -0.5856978
0.0 0.0 0.0 1.0
125	125	126
0.9839717 -0.0895968 0.1541819 0.7855345
0.0632175 0.9837228 0.1682054 -0.6910018
-0.166743 -0.1557623 0.9736196 -0.5914428
0.0 0.0 0.0 1.0
126	126	127
0.983578 -0.0884615 0.1573169 0.7869907
0.0613503 0.9836144 0.1695258 -0.690255
-0.1697357 -0.1570904 0.9728888 -0.5931268
0.0 0.0 0.0 1.0
127	127	128
0.9847127 -0.085749 0.1516168 0.8118252
0.0600503 0.9841923 0.1666119 -0.6779464
-0.1635069 -0.1549602 0.9742962 -0.6009476
0.0 0.0 0.0 1.0
128	128	129
0.985009 -0.0851362 0.1500302 0.8255087
0.0592804 0.9838182 0.1690781 -0.6821626
-0.1619971 -0.1576496 0.9741168 -0.6029796
0.0 0.0 0.0 1.0
129	129	130
0.9849596 -0.0838451 0.1510783 0.8310688
0.057625 0.9837143 0.1702517 -0.6806693
-0.1628927 -0.1589851 0.9737504 -0.60755
0.0 0.0 0.0 1.0
130	130	131
0.9854854 -0.0828761 0.148156 0.8473176
0.0563884 0.9829894 0.1747917 -0.690008
-0.1601218 -0.1639004 0.973395 -0.6103457
0.0 0.0 0.0 1.0
131	131	132
0.9859231 -0.0817262 0.1458647 0.8625042
0.0561447 0.9835675 0.1715897 -0.6781817
-0.1574912 -0.1609847 0.9743103 -0.6140534
0.0 0.0 0.0 1.0
132	132	133
0.9864825 -0.0799828 0.1430209 0.8796958
0.0550297 0.9838004 0.1706131 -0.672297
-0.1543501 -0.1604364 0.9749032 -0.617945
0.0 0.0 0.0 1.0
133	133	134
0.9877379 -0.0775279 0.1355114 0.9073496
0.0544866 0.9845941 0.1661491 -0.6565919
-0.146305 -0.1567282 0.9767452 -0.6211342
0.0 0.0 0.0 1.0
134	134	135
0.987254 -0.0781428 0.1386472 0.9071366
0.0529329 0.9827875 0.1769933 -0.68396
-0.1500915 -0.1673984 0.9743974 -0.6241017
0.0 0.0 0.0 1.0
135	135	136
0.9878596 -0.0761839 0.1353858 0.9232759
0.0516475 0.9829825 0.1762893 -0.6785531
-0.1465123 -0.1671567 0.9749835 -0.6257578
0.0 0.0 0.0 1.0
136	136	137
0.9881775 -0.0739519 0.1343001 0.9344264
0.0503162 0.9838896 0.1715504 -0.6651219
-0.1448231 -0.1627648 0.9759784 -0.6356742
0.0 0.0 0.0 1.0
137	137	138
0.9884028 -0.0724869 0.1334376 0.9438131
0.0487553 0.983676 0.1732179 -0.6669907
-0.1438154 -0.1647032 0.9758024 -0.6359146
0.0 0.0 0.0 1.0
138	138	139
0.988528 -0.0723719 0.1325695 0.9533967
0.0483294 0.9831424 0.1763379 -0.6744358
-0.1430968 -0.1679079 0.9753617 -0.6389933
0.0 0.0 0.0 1.0
139	139	140
0.9891204 -0.0715816 0.128519 0.9719538
0.0483439 0.9832755 0.1755898 -0.6704262
-0.1389388 -0.1674663 0.9760385 -0.642107
0.0 0.0 0.0 1.0
140	140	141
0.9890416 -0.0714936 0.1291727 0.9702829
0.0480151 0.9831293 0.1764971 -0.6725343
-0.139612 -0.1683607 0.9757887 -0.6406486
0.0 0.0 0.0 1.0
141	141	142
0.9897587 -0.0697014 0.1245762 0.9973631
0.0470862 0.9832563 0.17604 -0.6684234
-0.1347606 -0.1683713 0.9764684 -0.6498232
0.0 0.0 0.0 1.0
142	142	143
0.9903275 -0.0675329 0.1212046 1.0210419
0.0458172 0.9837229 0.1737528 -0.6599602
-0.1309659 -0.1665188 0.9773021 -0.6530816
0.0 0.0 0.0 1.0
143	143	144
0.9913141 -0.0655319 0.1140259 1.0537076
0.0450846 0.98381 0.1734511 -0.6587653
-0.1235465 -0.1668037 0.9782193 -0.6585036
0.0 0.0 0.0 1.0
144	144	145
0.9915844 -0.0640847 0.1124884 1.0701922
0.0441564 0.9842007 0.1714618 -0.652569
-0.1216994 -0.1650518 0.9787478 -0.6624024
0.0 0.0 0.0 1.0
145	145	146
0.991587 -0.0629669 0.1130943 1.0802543
0.0428327 0.9841014 0.1723658 -0.6553899
-0.1221496 -0.1660715 0.9785191 -0.6604995
0.0 0.0 0.0 1.0
146	146	147
0.9921131 -0.0609702 0.1095177 1.1003393
0.0417446 0.9845661 0.1699621 -0.6491772
-0.1181901 -0.1640498 0.9793462 -0.6646432
0.0 0.0 0.0 1.0
147	147	148
0.9927449 -0.0601867 0.1040928 1.1272273
0.0419845 0.984728 0.1689614 -0.6490026
-0.1126725 -0.1633652 0.9801106 -0.6632066
0.0 0.0 0.0 1.0
148	148	149
0.9926091 -0.059311 0.1058736 1.1311972
0.0406768 0.9845696 0.1702002 -0.6537801
-0.1143347 -0.1646357 0.9797055 -0.6645052
0.0 0.0 0.0 1.0
149	149	150
0.9930843 -0.05767 0.1022638 1.1498768
0.0403789 0.9856773 0.1637376 -0.6385203
-0.110242 -0.1584758 0.9811891 -0.6677264
0.0 0.0 0.0 1.0
150	150	151
0.993086 -0.0569538 0.1026459 1.157358
0.0395112 0.9855711 0.1645852 -0.6435152
-0.1105387 -0.1593916 0.9810075 -0.6637502
0.0 0.0 0.0 1.0
151	151	152
0.9933438 -0.0564168 0.100424 1.1730325
0.0391775 0.9853425 0.1660281 -0.6520489
-0.1083189 -0.1609886 0.9809942 -0.6627436
0.0 0.0 0.0 1.0
152	152	153
0.9936092 -0.0553333 0.0983814 1.1862203
0.0387494 0.9858445 0.1631233 -0.648034
-0.106015 -0.1582685 0.9816884 -0.662661
0.0 0.0 0.0 1.0
153	153	154
0.994096 -0.0547185 0.0936956 1.2076784
0.0392797 0.9864429 0.1593347 -0.6424976
-0.101144 -0.1547136 0.9827684 -0.661063
0.0 0.0 0.0 1.0
154	154	155
0.9937949 -0.0535953 0.0974633 1.2042041
0.037649 0.9866166 0.1586517 -0.6451158
-0.104662 -0.1539978 0.9825124 -0.6582704
0.0 0.0 0.0 1.0
155	155	156
0.9940292 -0.0522442 0.0957931 1.216088
0.0367746 0.9869656 0.1566736 -0.6441314
-0.1027298 -0.1522154 0.9829941 -0.6553303
0.0 0.0 0.0 1.0
156	156	157
0.9942968 -0.0514639 0.0934076 1.2298312
0.0366712 0.987439 0.1536862 -0.6421702
-0.1001437 -0.1493843 0.9836949 -0.6542308
0.0 0.0 0.0 1.0
157	157	158
0.9942912 -0.0505073 0.093989 1.2372892
0.0359517 0.9879452 0.1505718 -0.6388436
-0.100461 -0.1463331 0.9841211 -0.6497299
0.0 0.0 0.0 1.0
158	158	159
0.9943479 -0.0486995 0.0943431 1.2435054
0.0342946 0.9882882 0.148696 -0.6383882
-0.1004797 -0.14462 0.9843724 -0.6462537
0.0 0.0 0.0 1.0
159	159	160
0.9947809 -0.047878 0.0901031 1.2628753
0.0344416 0.9888069 0.1451712 -0.6353549
-0.0960452 -0.1413102 0.9852953 -0.6453131
0.0 0.0 0.0 1.0
160	160	161
0.9948163 -0.0472871 0.0900246 1.2712828
0.0335467 0.9883518 0.1484432 -0.6512499
-0.0959955 -0.1446536 0.9848149 -0.6417146
0.0 0.0 0.0 1.0
161	161	162
0.9949277 -0.0467366 0.0890756 1.2817386
0.0339209 0.9895263 0.140311 -0.633958
-0.0947004 -0.1365778 0.9860925 -0.6398814
0.0 0.0 0.0 1.0
162	162	163
0.9949799 -0.0458787 0.0889391 1.2909034
0.0331836 0.9896945 0.1392972 -0.63683
-0.0944134 -0.1356466 0.9862486 -0.632023
0.0 0.0 0.0 1.0
163	163	164
0.9951302 -0.0451818 0.0876041 1.3035386
0.0324289 0.9893516 0.1418864 -0.6493272
-0.093082 -0.1383545 0.9859989 -0.6316876
0.0 0.0 0.0 1.0
164	164	165
0.9955138 -0.0436507 0.0839458 1.3230404
0.0318437 0.9900354 0.1371713 -0.6420954
-0.0890971 -0.1338828 0.9869839 -0.628817
0.0 0.0 0.0 1.0
165	165	166
0.9959213 -0.0410393 0.0803512 1.3425155
0.0304336 0.9911737 0.1290289 -0.6249463
-0.0849373 -0.1260572 0.9883802 -0.6267248
0.0 0.0 0.0 1.0
166	166	167
0.9959339 -0.0410584 0.0801854 1.3541582
0.0302377 0.9908179 0.1317787 -0.6379308
-0.0848598 -0.1288182 0.9880307 -0.6222208
0.0 0.0 0.0 1.0
167	167	168
0.9964665 -0.0392318 0.0742657 1.3820286
0.029427 0.9912348 0.1287928 -0.6340568
-0.0786676 -0.1261523 0.9888868 -0.6224508
0.0 0.0 0.0 1.0
168	168	169
0.9963388 -0.0378588 0.0766533 1.3875436
0.0277048 0.9911997 0.1294441 -0.6404464
-0.0808794 -0.1268464 0.9886196 -0.6186018
0.0 0.0 0.0 1.0
169	169	170
0.9970744 -0.0347607 0.0680772 1.4229581
0.0261085 0.9919268 0.1240951 -0.6302504
-0.0718414 -0.1219546 0.9899323 -0.6184644
0.0 0.0 0.0 1.0
170	170	171
0.9971051 -0.0335257 0.0682451 1.4369425
0.024957 0.992124 0.1227484 -0.6309002
-0.0718229 -0.1206899 0.9900886 -0.6178455
0.0 0.0 0.0 1.0
171	171	172
0.9974382 -0.031202 0.0643698 1.4597949
0.0233362 0.9925576 0.1195195 -0.6245498
-0.06762 -0.1177111 0.990743 -0.6126531
0.0 0.0 0.0 1.0
172	172	173
0.9978473 -0.029151 0.0587452 1.4909751
0.021646 0.991975 0.1245675 -0.6405883
-0.0619052 -0.1230277 0.9904705 -0.612809
0.0 0.0 0.0 1.0
173	173	174
0.9980976 -0.0265034 0.0556661 1.5151986
0.0193568 0.9919416 0.125209 -0.6437906
-0.0585361 -0.1238933 0.9905676 -0.6140909
0.0 0.0 0.0 1.0
174	174	175
0.9980835 -0.0240697 0.0570095 1.5195489
0.016832 0.9921152 0.1241943 -0.6422344
-0.0595494 -0.1229967 0.9906188 -0.6160596
0.0 0.0 0.0 1.0
175	175	176
0.9981771 -0.0223175 0.0560769 1.5292586
0.0152518 0.9922389 0.1234076 -0.6405738
-0.0583959 -0.1223274 0.9907705 -0.615192
0.0 0.0 0.0 1.0
176	176	177
0.9981403 -0.0212347 0.0571405 1.5335296
0.0139751 0.9921122 0.1245724 -0.6442188
-0.0593351 -0.1235422 0.9905639 -0.6140198
0.0 0.0 0.0 1.0
177	177	178
0.9983132 -0.019671 0.0546261 1.5462058
0.0128945 0.9924778 0.1217434 -0.6362304
-0.05661 -0.1208336 0.9910573 -0.6163938
0.0 0.0 0.0 1.0
178	178	179
0.9985682 -0.0190437 0.049987 1.5666134
0.0129492 0.9927464 0.1195287 -0.631216
-0.0519007 -0.1187102 0.9915717 -0.6154664
0.0 0.0 0.0 1.0
179	179	180
0.9989977 -0.0190122 0.0405233 1.5978044
0.0141757 0.9930938 0.1164631 -0.6229078
-0.0424577 -0.1157719 0.992368 -0.6177705
0.0 0.0 0.0 1.0
180	180	181
0.9989805 -0.0172447 0.0417174 1.602208
0.0121576 0.9927888 0.1192593 -0.6304468
-0.0434733 -0.1186305 0.9919864 -0.6159218
0.0 0.0 0.0 1.0
181	181	182
0.9990923 -0.0159955 0.039483 1.6132535
0.0110561 0.9924326 0.122292 -0.639179
-0.0411404 -0.1217445 0.9917085 -0.6176948
0.0 0.0 0.0 1.0
182	182	183
0.9992314 -0.0162315 0.03568 1.6316361
0.0117276 0.9923375 0.1229986 -0.6404313
-0.0374031 -0.1224857 0.9917652 -0.61864
0.0 0.0 0.0 1.0
183	183	184
0.9993615 -0.0145197 0.0326424 1.6467822
0.0104026 0.9923605 0.1229328 -0.6404726
-0.0341781 -0.1225148 0.991878 -0.6194381
0.0 0.0 0.0 1.0
184	184	185
0.9994427 -0.0123122 0.0310286 1.6585256
0.0083953 0.9923286 0.1233433 -0.640912
-0.0323092 -0.1230141 0.9918789 -0.620311
0.0 0.0 0.0 1.0
185	185	186
0.9995327 -0.0109872 0.0285229 1.6715711
0.007403 0.992397 0.1228552 -0.6394684
-0.0296559 -0.1225866 0.9920146 -0.6219486
0.0 0.0 0.0 1.0
186	186	187
0.9996265 -0.0089182 0.025834 1.6856072
0.0056839 0.9924314 0.1226685 -0.6380987
-0.0267325 -0.1224758 0.9921113 -0.622617
0.0 0.0 0.0 1.0
187	187	188
0.9997737 -0.0082271 0.0196116 1.7093526
0.0057927 0.9926226 0.1211062 -0.63365
-0.0204634 -0.1209653 0.9924458 -0.62363
0.0 0.0 0.0 1.0
188	188	189
0.9998405 -0.0062852 0.0167221 1.7241158
0.0041804 0.9923915 0.1230514 -0.6383845
-0.0173683 -0.1229619 0.9922593 -0.6218928
0.0 0.0 0.0 1.0
189	189	190
0.9998936 -0.0048585 0.0137506 1.7401978
0.0031553 0.9926126 0.1212851 -0.633215
-0.0142383 -0.1212288 0.9925224 -0.6270622
0.0 0.0 0.0 1.0
190	190	191
0.9999091 -0.0025925 0.013234 1.7484968
0.0009593 0.9925356 0.121952 -0.6350026
-0.0134514 -0.1219283 0.9924477 -0.6278966
0.0 0.0 0.0 1.0
191	191	192
0.9999554 -0.0014011 0.0093496 1.7663978
0.0002344 0.9923267 0.1236427 -0.638523
-0.0094512 -0.123635 0.9922827 -0.6280869
0.0 0.0 0.0 1.0
192	192	193
0.9999979 -0.0004271 0.0019494 1.792783
0.0001826 0.992309 0.1237858 -0.6374726
-0.0019873 -0.1237852 0.9923071 -0.62839
0.0 0.0 0.0 1.0
193	193	194
0.9999908 0.0011664 -0.0041434 1.8174458
-0.0006521 0.9925283 0.1220126 -0.6325698
0.0042547 -0.1220087 0.9925199 -0.6286401
0.0 0.0 0.0 1.0
194	194	195
0.9999758 0.00247 -0.0065127 1.8305144
-0.0016492 0.9923893 0.1231298 -0.6344087
0.0067672 -0.1231161 0.9923692 -0.630423
0.0 0.0 0.0 1.0
195	195	196
0.9999247 0.0053416 -0.011039 1.850948
-0.0039729 0.9927072 0.1204844 -0.6264491
0.0116021 -0.1204314 0.9926538 -0.6315696
0.0 0.0 0.0 1.0
196	196	197
0.9999039 0.0079922 -0.0113213 1.8589648
-0.0065389 0.9923803 0.1230393 -0.6326778
0.0122183 -0.1229534 0.9923373 -0.6335832
0.0 0.0 0.0 1.0
197	197	198
0.9998811 0.0095656 -0.0120891 1.8685348
-0.0079431 0.9917718 0.1277716 -0.6445707
0.0132117 -0.1276604 0.9917299 -0.6356544
0.0 0.0 0.0 1.0
198	198	199
0.9997549 0.0112772 -0.0190567 1.8948436
-0.0087593 0.9918137 0.1273929 -0.6424389
0.0203373 -0.1271948 0.9916692 -0.6358539
0.0 0.0 0.0 1.0
199	199	200
0.9995862 0.0141349 -0.025051 1.9184597
-0.0109296 0.9922523 0.1237567 -0.6307912
0.0266061 -0.1234317 0.9919963 -0.6374524
0.0 0.0 0.0 1.0
200	200	201
0.9995109 0.0159689 -0.0268909 1.9314868
-0.0124967 0.9921195 0.1246698 -0.6329438
0.0286697 -0.1242728 0.9918338 -0.6392311
0.0 0.0 0.0 1.0
201	201	202
0.9992269 0.016698 -0.0355932 1.9629647
-0.0122109 0.992363 0.1227459 -0.6247641
0.0373709 -0.1222164 0.9917997 -0.6388654
0.0 0.0 0.0 1.0
202	202	203
0.9989985 0.0193659 -0.0403387 1.9838324
-0.0143844 0.9926324 0.1203092 -0.6165883
0.0423713 -0.1196084 0.9919165 -0.6402794
0.0 0.0 0.0 1.0
203	203	204
0.9987924 0.0211079 -0.0443643 2.0017908
-0.0153939 0.9919863 0.1254038 -0.6284712
0.0466557 -0.1245694 0.9911134 -0.6381894
0.0 0.0 0.0 1.0
204	204	205
0.9984619 0.0224321 -0.0506993 2.0272274
-0.0162373 0.9927071 0.1194528 -0.6119826
0.053009 -0.1184459 0.9915446 -0.6420986
0.0 0.0 0.0 1.0
205	205	206
0.998373 0.0243484 -0.0515617 2.0374842
-0.0177523 0.9920326 0.1247242 -0.6242752
0.0541876 -0.1236059 0.9908507 -0.6445467
0.0 0.0 0.0 1.0
206	206	207
0.9981422 0.0267638 -0.0547334 2.0541866
-0.0196083 0.9916674 0.1273234 -0.6303788
0.0576849 -0.1260136 0.9903499 -0.6448219
0.0 0.0 0.0 1.0
207	207	208
0.9979114 0.0307383 -0.0568149 2.0687354
-0.0233378 0.9916779 0.1266103 -0.628282
0.0602339 -0.1250199 0.9903241 -0.6485127
0.0 0.0 0.0 1.0
208	208	209
0.9975146 0.0334688 -0.0620029 2.0916762
-0.0255704 0.9919447 0.1240641 -0.6199495
0.0656556 -0.1221704 0.9903351 -0.6508298
0.0 0.0 0.0 1.0
209	209	210
0.997488 0.0360802 -0.060959 2.0968587
-0.0279602 0.9912291 0.1291631 -0.6331829
0.0650845 -0.1271342 0.9897479 -0.6561709
0.0 0.0 0.0 1.0
210	210	211
0.9971094 0.0371284 -0.0662908 2.1191616
-0.0282505 0.9910899 0.1301645 -0.6342208
0.0705328 -0.1279155 0.9892737 -0.6555334
0.0 0.0 0.0 1.0
211	211	212
0.9965186 0.039294 -0.0735305 2.1470406
-0.0297421 0.9914872 0.1267612 -0.6223769
0.0778855 -0.124133 0.9892042 -0.6529349
0.0 0.0 0.0 1.0
212	212	213
0.9961332 0.0401446 -0.0781479 2.168558
-0.029943 0.9913747 0.1275923 -0.6234654
0.0825959 -0.1247589 0.9887432 -0.6550292
0.0 0.0 0.0 1.0
213	213	214
0.9959447 0.042862 -0.0791005 2.1795354
-0.0325987 0.9913977 0.1267594 -0.620516
0.0838531 -0.1236668 0.9887745 -0.6595262
0.0 0.0 0.0 1.0
214	214	215
0.9953218 0.045187 -0.0853966 2.205972
-0.0339606 0.9911125 0.1286179 -0.6219726
0.0904495 -0.1251161 0.9880105 -0.6598383
0.0 0.0 0.0 1.0
215	215	216
0.994709 0.0469131 -0.0913956 2.2291324
-0.0349619 0.9911277 0.1282328 -0.6196538
0.0966005 -0.124359 0.9875237 -0.6571058
0.0 0.0 0.0 1.0
216	216	217
0.9946783 0.0492853 -0.0904759 2.2359734
-0.036909 0.9903347 0.1336974 -0.6332878
0.0961907 -0.1296465 0.9868836 -0.6657136
0.0 0.0 0.0 1.0
217	217	218
0.9941953 0.0519324 -0.0942267 2.256073
-0.0393811 0.9906679 0.130485 -0.6257138
0.1001237 -0.1260169 0.9869624 -0.6732191
0.0 0.0 0.0 1.0
218	218	219
0.99343 0.0548423 -0.100445 2.2814746
-0.0418258 0.9909701 0.1273934 -0.614153
0.1065246 -0.1223552 0.9867532 -0.6717055
0.0 0.0 0.0 1.0
219	219	220
0.9933421 0.0600596 -0.0983078 2.2820826
-0.0473592 0.9908 0.126777 -0.6119094
0.1050175 -0.1212771 0.9870477 -0.6788564
0.0 0.0 0.0 1.0
220	220	221
0.9925866 0.0634095 -0.1036886 2.3069587
-0.0502333 0.9908736 0.125084 -0.606538
0.1106738 -0.118948 0.9867132 -0.6837776
0.0 0.0 0.0 1.0
221	221	222
0.991742 0.0616623 -0.1124532 2.341374
-0.0467903 0.9903569 0.1303985 -0.6173056
0.1194095 -0.12406 0.9850638 -0.6766598
0.0 0.0 0.0 1.0
222	222	223
0.9912226 0.0643693 -0.1154758 2.358748
-0.0493924 0.9905218 0.1281674 -0.6108002
0.1226314 -0.1213387 0.985007 -0.6800846
0.0 0.0 0.0 1.0
223	223	224
0.9904401 0.0657356 -0.1212746 2.3840332
-0.0497235 0.9901836 0.1306298 -0.614692
0.1286711 -0.1233508 0.983986 -0.6800018
0.0 0.0 0.0 1.0
224	224	225
0.9901668 0.0684042 -0.1220276 2.39515
-0.0518682 0.989639 0.1338819 -0.6230014
0.1299214 -0.1262361 0.9834557 -0.6835838
0.0 0.0 0.0 1.0
225	225	226
0.9893041 0.0695678 -0.1282097 2.420461
-0.0525626 0.9899153 0.1315481 -0.6133363
0.1360682 -0.123402 0.9829841 -0.6811844
0.0 0.0 0.0 1.0
226	226	227
0.9888822 0.0711031 -0.1305994 2.436036
-0.0533317 0.9894284 0.1348599 -0.6211896
0.1388077 -0.1263955 0.9822203 -0.6841698
0.0 0.0 0.0 1.0
227	227	228
0.9882076 0.0734169 -0.134372 2.4564426
-0.0552012 0.9893621 0.1345938 -0.618829
0.142824 -0.1255891 0.9817478 -0.6855876
0.0 0.0 0.0 1.0
228	228	229
0.9876405 0.0754448 -0.137384 2.4741092
-0.0567861 0.9892169 0.1350009 -0.6193167
0.1460877 -0.1255308 0.981275 -0.6893617
0.0 0.0 0.0 1.0
229	229	230
0.9865093 0.0773177 -0.1442965 2.5029187
-0.057462 0.9888992 0.1370273 -0.6232845
0.1532894 -0.1268871 0.980001 -0.6874031
0.0 0.0 0.0 1.0
230	230	231
0.9864287 0.0790484 -0.1439086 2.5116777
-0.0593887 0.9889104 0.1361212 -0.6200506
0.1530729 -0.1257273 0.9801845 -0.6945171
0.0 0.0 0.0 1.0
231	231	232
0.9853212 0.0810376 -0.150251 2.5381532
-0.0613585 0.9894451 0.1312763 -0.605161
0.1593035 -0.1201301 0.9798936 -0.6916275
0.0 0.0 0.0 1.0
232	232	233
0.9849097 0.0836288 -0.151523 2.5512636
-0.0636768 0.9891951 0.1320541 -0.6062171
0.1609293 -0.1204129 0.9795932 -0.6933472
0.0 0.0 0.0 1.0
233	233	234
0.9837258 0.0838447 -0.158914 2.580016
-0.0638422 0.98984 0.1270474 -0.5894367
0.1679517 -0.1148343 0.979084 -0.689507
0.0 0.0 0.0 1.0
234	234	235
0.9835887 0.0866318 -0.1582671 2.588593
-0.0661094 0.9892252 0.1306263 -0.5999084
0.1678782 -0.1180196 0.9787178 -0.6982851
0.0 0.0 0.0 1.0
235	235	236
0.9829329 0.0892435 -0.1608685 2.6065638
-0.0682936 0.9889793 0.1313615 -0.6003316
0.1708188 -0.1181332 0.9781951 -0.7003292
0.0 0.0 0.0 1.0
236	236	237
0.9818276 0.0882514 -0.1680067 2.6339517
-0.0658895 0.9887456 0.134316 -0.605685
0.1779695 -0.1208053 0.9765926 -0.6950534
0.0 0.0 0.0 1.0
237	237	238
0.9813683 0.0915562 -0.1689191 2.6479366
-0.0694723 0.9887705 0.1323121 -0.6003346
0.1791362 -0.1181117 0.9767088 -0.7001474
0.0 0.0 0.0 1.0
238	238	239
0.9804848 0.0913642 -0.1740752 2.6699634
-0.0690204 0.9890623 0.1303537 -0.5930644
0.1840809 -0.1157951 0.9760666 -0.6954242
0.0 0.0 0.0 1.0
239	239	240
0.980126 0.0940655 -0.1746561 2.6834257
-0.071334 0.9886584 0.1321587 -0.5983818
0.1851068 -0.1170733 0.9757201 -0.7041835
0.0 0.0 0.0 1.0
240	240	241
0.9796191 0.0961799 -0.1763407 2.6981204
-0.072681 0.9881496 0.1351952 -0.6057019
0.1872541 -0.1196232 0.9750007 -0.704651
0.0 0.0 0.0 1.0
241	241	242
0.9784296 0.0976308 -0.1820544 2.724112
-0.0734027 0.9880708 0.1353812 -0.6052028
0.1931 -0.1190977 0.9739242 -0.702456
0.0 0.0 0.0 1.0
242	242	243
0.9777296 0.0987442 -0.1851876 2.7432318
-0.0737847 0.9877989 0.137147 -0.6099351
0.1964705 -0.1204287 0.9730861 -0.7033398
0.0 0.0 0.0 1.0
243	243	244
0.9773232 0.0999872 -0.1866603 2.758077
-0.0749519 0.9877756 0.1366797 -0.6072126
0.1980447 -0.1195896 0.9728704 -0.7051788
0.0 0.0 0.0 1.0
244	244	245
0.976801 0.102278 -0.1881464 2.7729068
-0.0771242 0.9876359 0.1364812 -0.6079743
0.1997792 -0.1188043 0.972612 -0.7093516
0.0 0.0 0.0 1.0
245	245	246
0.9757255 0.1023316 -0.1936182 2.7962914
-0.0759912 0.987386 0.1389033 -0.6121911
0.2053901 -0.1208182 0.9711941 -0.7027564
0.0 0.0 0.0 1.0
246	246	247
0.9753389 0.1030288 -0.1951899 2.8127432
-0.0770289 0.9876522 0.1364175 -0.6060384
0.2068347 -0.118018 0.9712319 -0.7069536
0.0 0.0 0.0 1.0
247	247	248
0.9747705 0.1050417 -0.1969483 2.8252242
-0.0790134 0.987599 0.1356658 -0.6020734
0.2087565 -0.1166815 0.9709821 -0.7007648
0.0 0.0 0.0 1.0
248	248	249
0.9746159 0.1066379 -0.1968563 2.8357205
-0.0797941 0.9869874 0.1396024 -0.6157244
0.2091816 -0.1203507 0.9704428 -0.7085553
0.0 0.0 0.0 1.0
249	249	250
0.9743556 0.1067935 -0.1980568 2.849264
-0.0801024 0.987158 0.138212 -0.6101622
0.2102735 -0.1188027 0.9703974 -0.7077695
0.0 0.0 0.0 1.0
250	250	251
0.9736314 0.1077522 -0.2010756 2.8696182
-0.0804226 0.9869548 0.1394725 -0.6140262
0.213481 -0.1196238 0.9695958 -0.7085609
0.0 0.0 0.0 1.0
251	251	252
0.9726037 0.1075682 -0.2060857 2.8923967
-0.0799408 0.9872003 0.1380037 -0.6085644
0.2182927 -0.1177482 0.9687538 -0.7027951
0.0 0.0 0.0 1.0
252	252	253
0.9719994 0.1076172 -0.2088914 2.9087663
-0.0800848 0.9874563 0.1360748 -0.6030318
0.2209152 -0.1155356 0.9684256 -0.6974638
0.0 0.0 0.0 1.0
253	253	254
0.9719828 0.1082954 -0.2086188 2.9200025
-0.0803403 0.9871515 0.1381207 -0.60929
0.2208962 -0.1174904 0.9681948 -0.7020748
0.0 0.0 0.0 1.0
254	254	255
0.971213 0.1086866 -0.2119731 2.939887
-0.0811899 0.9875975 0.1343846 -0.6003782
0.22395 -0.113306 0.9679919 -0.7013467
0.0 0.0 0.0 1.0
255	255	256
0.9715948 0.1122664 -0.208326 2.9439297
-0.0842178 0.9867105 0.1389593 -0.6160154
0.221158 -0.1174674 0.9681378 -0.7124233
0.0 0.0 0.0 1.0
256	256	257
0.9704565 0.1109561 -0.2142504 2.9696221
-0.0831731 0.9874007 0.1346192 -0.6036746
0.2264878 -0.1128222 0.9674578 -0.7047272
0.0 0.0 0.0 1.0
257	257	258
0.9711865 0.1105084 -0.211151 2.9696603
-0.0844598 0.9880862 0.1286551 -0.587552
0.2228528 -0.1071143 0.9689497 -0.703882
0.0 0.0 0.0 1.0
258	258	259
0.9697732 0.108113 -0.2187504 3.000291
-0.080122 0.9878677 0.1330339 -0.5975793
0.2304792 -0.111486 0.9666698 -0.6953958
0.0 0.0 0.0 1.0
259	259	260
0.9700597 0.1111412 -0.2159445 3.003948
-0.0829541 0.9872993 0.1354937 -0.6080143
0.2282608 -0.1135235 0.966959 -0.6980886
0.0 0.0 0.0 1.0
260	260	261
0.970378 0.1119616 -0.2140816 3.012893
-0.0841628 0.9872856 0.1348472 -0.608691
0.2264574 -0.1128351 0.9674635 -0.7060191
0.0 0.0 0.0 1.0
261	261	262
0.970118 0.1106153 -0.215952 3.025751
-0.0838922 0.9880586 0.1292368 -0.5935468
0.2276688 -0.1072582 0.9678134 -0.6970896
0.0 0.0 0.0 1.0
262	262	263
0.9699811 0.1112711 -0.2162305 3.0371425
-0.0853481 0.9883831 0.1257567 -0.5849008
0.2277117 -0.1035268 0.9682095 -0.6960608
0.0 0.0 0.0 1.0
263	263	264
0.9701963 0.1112393 -0.2152791 3.0463743
-0.0853828 0.9883603 0.1259126 -0.5887342
0.2267797 -0.1037788 0.9684013 -0.6985879
0.0 0.0 0.0 1.0
264	264	265
0.9698492 0.1080281 -0.218455 3.0650177
-0.0814934 0.9885433 0.1270474 -0.5915992
0.2296769 -0.1054141 0.9675415 -0.6927454
0.0 0.0 0.0 1.0
265	265	266
0.9710822 0.1098091 -0.2119943 3.062616
-0.0840108 0.9883251 0.1271053 -0.5974909
0.2234766 -0.1056199 0.96897 -0.7055236
0.0 0.0 0.0 1.0
266	266	267
0.9710013 0.1093026 -0.2126251 3.0729177
